FRMI
                    	Temperature (*C)	Temperature (*C)	Soil Moist-VWC (%VWC)	Solar Rad (wat/m2)	RH (%)	Temperature (*C)	Rainfall (mm)	Wind Dir (Deg)	Wind Gust (km/h)	Wind Speed (km/h)	Dew Point (*C)
                    	*C	*C	%VWC	wat/m2	%	*C	mm	Deg	km/h	km/h	*C
Date and Time   	TMPA	TMPB	VWCC	SRD	HMD	TMP	RNF	WND	WNG	WNS	DEW
2020-06-25 13:30	38.0	30.2	23.7	904.0	50.7	27.3	0.0	204	14	6	16.2
2020-06-25 14:00	36.2	30.5	21.0	681.0	49.9	27.2	0.0	244	12	4	15.8
2020-06-25 14:30	37.3	30.8	20.9	773.0	46.8	27.7	0.0	218	16	4	15.3
2020-06-25 15:00	38.3	31.3	20.6	739.0	45.9	28.2	0.0	227	14	4	15.4
2020-06-25 15:30	37.8	31.7	20.9	635.0	46.6	27.8	0.0	241	14	4	15.3
2020-06-25 16:00	38.1	31.8	20.7	773.0	45.5	28.6	0.0	223	14	6	15.7
2020-06-25 16:30	37.8	32.1	20.9	595.0	45.6	28.2	0.0	228	17	6	15.3
2020-06-25 17:00	36.9	32.1	21.0	573.0	45.3	28.4	0.0	230	14	6	15.4
2020-06-25 17:30	36.4	31.9	21.0	509.0	45.1	28.6	0.0	213	16	4	15.5
2020-06-25 18:00	35.4	31.7	21.0	423.0	45.3	28.4	0.0	210	14	4	15.4
2020-06-25 18:30	33.9	31.4	21.0	324.0	44.6	27.7	0.0	217	17	6	14.5
2020-06-25 19:00	32.3	30.8	20.9	241.0	43.1	27.3	0.0	224	16	6	13.7
2020-06-25 19:30	30.8	30.1	20.9	132.0	48.1	26.4	0.0	228	11	1	14.5
2020-06-25 20:00	29.1	29.3	20.9	42.0	54.8	24.6	0.0	227	4	0	14.9
2020-06-25 20:30	27.9	28.5	20.3	10.0	61.5	23.3	0.0	227	0	0	15.5
2020-06-25 21:00	26.9	27.8	20.2	0.0	67.2	22.1	0.0	227	0	0	15.7
2020-06-25 21:30	25.9	27.1	20.1	0.0	71.4	20.8	0.0	227	0	0	15.4
2020-06-25 22:00	24.9	26.4	20.0	0.0	80.5	19.1	0.0	227	0	0	15.7
2020-06-25 22:30	24.2	25.8	20.0	0.0	85.8	18.3	0.0	227	0	0	15.9
2020-06-25 23:00	23.6	25.3	20.0	0.0	83.3	18.0	0.0	227	0	0	15.1
2020-06-25 23:30	23.2	24.9	19.9	0.0	87.0	17.8	0.0	227	0	0	15.6
2020-06-26 00:00	22.7	24.5	19.6	0.0	86.0	17.7	0.0	227	0	0	15.3
2020-06-26 00:30	22.1	24.1	19.6	0.0	79.7	18.1	0.0	227	0	0	14.5
2020-06-26 01:00	21.6	23.7	19.6	0.0	83.1	17.2	0.0	227	0	0	14.3
2020-06-26 01:30	21.2	23.3	19.5	0.0	85.8	16.6	0.0	210	3	0	14.2
2020-06-26 02:00	20.9	22.9	19.5	0.0	84.3	16.6	0.0	117	8	0	13.9
2020-06-26 02:30	20.6	22.7	19.4	0.0	85.1	16.2	0.0	114	0	0	13.7
2020-06-26 03:00	20.3	22.3	19.2	0.0	89.4	15.4	0.0	114	0	0	13.7
2020-06-26 03:30	20.2	22.1	19.1	0.0	92.7	15.3	0.0	114	0	0	14.1
2020-06-26 04:00	20.2	21.9	19.2	0.0	91.4	15.9	0.0	115	0	0	14.5
2020-06-26 04:30	20.3	21.8	19.2	0.0	92.0	16.1	0.0	114	0	0	14.8
2020-06-26 05:00	20.3	21.8	19.2	0.0	88.6	17.0	0.0	115	0	0	15.1
2020-06-26 05:30	20.4	21.7	19.2	5.0	87.4	17.5	0.0	115	0	0	15.4
2020-06-26 06:00	20.6	21.7	19.2	17.0	83.7	18.3	0.0	122	3	0	15.5
2020-06-26 06:30	20.9	21.7	19.2	35.0	79.1	19.3	0.0	141	4	0	15.6
2020-06-26 07:00	21.1	21.8	19.2	20.0	80.1	19.3	0.0	158	4	0	15.8
2020-06-26 07:30	20.9	21.8	19.1	8.0	87.5	18.6	0.5	115	3	0	16.5
2020-06-26 08:00	20.8	21.8	18.7	34.0	88.6	18.7	1.0	97	6	1	16.8
2020-06-26 08:30	21.3	21.7	18.8	122.0	86.7	19.5	0.0	93	4	0	17.2
2020-06-26 09:00	22.9	22.1	19.2	241.0	84.5	20.9	0.0	97	8	1	18.2
2020-06-26 09:30	24.6	22.8	19.6	310.0	80.7	22.6	0.0	153	6	1	19.1
2020-06-26 10:00	23.9	23.3	19.4	71.0	86.5	21.4	0.5	180	3	0	19.1
2020-06-26 10:30	23.6	23.2	19.0	81.0	88.4	21.4	0.7	172	3	0	19.4
2020-06-26 11:00	23.1	23.2	18.8	41.0	89.9	20.8	0.7	196	1	0	19.1
2020-06-26 11:30	22.2	22.9	29.3	17.0	92.3	20.1	5.0	218	16	6	18.8
2020-06-26 12:00	21.5	22.4	36.4	10.0	95.8	19.9	4.0	241	11	1	19.2
2020-06-26 12:30	21.9	22.3	36.5	194.0	96.2	20.5	1.0	125	8	1	19.9
2020-06-26 13:00	25.7	22.9	35.7	678.0	89.9	23.2	0.0	138	17	6	21.4
2020-06-26 13:30	27.7	24.3	35.4	506.0	85.6	24.0	0.0	139	19	9	21.4
2020-06-26 14:00	27.1	25.0	34.3	305.0	81.3	24.6	0.0	148	19	8	21.2
2020-06-26 14:30	28.4	25.3	33.7	617.0	74.5	26.7	0.0	132	20	9	21.8
2020-06-26 15:00	27.2	25.8	32.9	119.0	79.4	24.9	0.2	160	12	4	21.1
2020-06-26 15:30	26.6	25.4	32.7	161.0	82.2	25.1	0.0	173	3	0	21.8
2020-06-26 16:00	26.3	25.4	32.2	83.0	85.2	24.8	0.0	111	8	1	22.1
2020-06-26 16:30	25.7	25.2	32.4	73.0	85.5	25.0	0.2	104	9	1	22.4
2020-06-26 17:00	25.4	25.0	33.0	54.0	85.0	25.1	0.0	134	8	1	22.4
2020-06-26 17:30	25.2	24.8	33.1	67.0	83.9	25.0	0.0	135	6	1	22.1
2020-06-26 18:00	25.1	24.8	33.4	57.0	81.2	25.3	0.0	141	8	1	21.8
2020-06-26 18:30	24.5	24.7	33.5	14.0	75.5	25.6	0.0	158	12	4	20.9
2020-06-26 19:00	23.7	24.3	33.4	4.0	72.4	25.3	0.0	223	19	8	20.0
2020-06-26 19:30	22.9	23.9	35.8	0.0	92.7	21.6	11.9	266	37	11	20.4
2020-06-26 20:00	22.6	23.5	37.6	0.0	93.5	21.5	2.0	213	30	12	20.4
2020-06-26 20:30	22.3	23.2	37.1	0.0	91.3	21.6	0.2	199	28	9	20.1
2020-06-26 21:00	22.1	23.0	36.8	0.0	93.2	21.3	1.7	200	14	4	20.2
2020-06-26 21:30	21.9	22.8	37.2	0.0	95.0	21.1	0.0	155	9	3	20.3
2020-06-26 22:00	21.8	22.7	36.3	0.0	94.9	21.0	0.0	156	9	1	20.2
2020-06-26 22:30	21.6	22.6	35.7	0.0	95.5	21.1	0.0	169	8	3	20.4
2020-06-26 23:00	21.6	22.4	35.3	0.0	95.4	21.4	0.0	183	6	1	20.6
2020-06-26 23:30	21.4	22.3	35.0	0.0	96.0	21.3	0.0	196	8	0	20.6
2020-06-27 00:00	21.3	22.3	34.6	0.0	95.9	21.3	0.0	197	4	1	20.6
2020-06-27 00:30	21.2	22.2	34.7	0.0	96.1	21.1	0.0	186	6	0	20.5
2020-06-27 01:00	21.2	22.1	34.7	0.0	95.7	21.2	0.0	183	6	1	20.5
2020-06-27 01:30	21.1	22.0	34.6	0.0	96.2	20.9	0.0	172	4	0	20.3
2020-06-27 02:00	21.0	21.9	34.4	0.0	96.7	20.7	0.0	170	3	0	20.2
2020-06-27 02:30	20.9	21.9	34.3	0.0	97.2	20.5	0.0	170	0	0	20.0
2020-06-27 03:00	20.8	21.8	34.3	0.0	97.7	20.4	0.0	170	1	0	20.0
2020-06-27 03:30	20.8	21.7	34.3	0.0	98.0	20.7	0.0	170	1	0	20.4
2020-06-27 04:00	20.6	21.6	34.3	0.0	98.0	20.3	0.0	170	1	0	20.0
2020-06-27 04:30	20.4	21.5	34.3	0.0	98.2	20.0	0.0	170	1	0	19.7
2020-06-27 05:00	20.2	21.3	34.1	0.0	98.4	19.8	0.0	170	1	0	19.5
2020-06-27 05:30	20.0	21.2	33.7	1.0	98.7	19.5	0.2	223	1	0	19.3
2020-06-27 06:00	20.1	21.1	33.7	13.0	98.9	19.9	0.0	158	4	0	19.7
2020-06-27 06:30	20.5	21.2	33.7	41.0	98.8	20.4	0.0	149	4	0	20.2
2020-06-27 07:00	20.9	21.3	33.7	66.0	98.4	20.6	0.0	151	6	1	20.3
2020-06-27 07:30	21.6	21.5	33.9	110.0	96.2	20.9	0.0	165	6	1	20.3
2020-06-27 08:00	22.6	21.8	34.3	271.0	91.5	22.2	0.0	173	8	1	20.7
2020-06-27 08:30	24.8	22.5	34.6	424.0	87.6	23.3	0.0	194	9	3	21.1
2020-06-27 09:00	26.6	23.3	34.9	513.0	85.0	24.2	0.0	214	8	3	21.5
2020-06-27 09:30	28.1	24.3	35.0	534.0	83.1	25.2	0.0	196	8	3	22.1
2020-06-27 10:00	29.5	25.1	34.3	672.0	80.1	26.1	0.0	196	8	3	22.4
2020-06-27 10:30	31.0	26.1	34.3	748.0	76.8	26.9	0.0	193	9	3	22.5
2020-06-27 11:00	32.2	27.0	33.8	780.0	73.8	27.6	0.0	199	8	3	22.5
2020-06-27 11:30	32.9	27.8	33.6	834.0	70.8	27.9	0.0	204	11	3	22.1
2020-06-27 12:00	33.1	28.4	33.0	817.0	68.5	28.2	0.0	204	14	4	21.9
2020-06-27 12:30	33.2	28.8	32.7	724.0	67.9	28.6	0.0	196	12	4	22.1
2020-06-27 13:00	33.3	29.2	32.1	802.0	65.7	29.1	0.0	197	11	4	22.0
2020-06-27 13:30	33.9	29.6	31.2	793.0	63.0	29.2	0.0	213	11	4	21.4
2020-06-27 14:00	34.0	29.8	30.7	875.0	61.8	29.8	0.0	214	11	3	21.7
2020-06-27 14:30	35.5	30.4	30.0	937.0	57.2	30.8	0.0	192	9	1	21.4
2020-06-27 15:00	35.1	30.9	30.0	677.0	59.8	30.0	0.0	199	11	3	21.3
2020-06-27 15:30	34.8	31.0	29.5	718.0	59.5	30.2	0.0	207	12	3	21.4
2020-06-27 16:00	34.3	31.1	29.5	533.0	60.0	29.9	0.0	225	11	1	21.3
2020-06-27 16:30	33.6	30.8	29.1	543.0	59.6	29.8	0.0	204	9	1	21.1
2020-06-27 17:00	33.2	30.6	29.1	428.0	60.4	29.8	0.0	217	8	3	21.3
2020-06-27 17:30	32.3	30.3	28.8	276.0	62.8	28.8	0.0	208	9	3	21.0
2020-06-27 18:00	31.5	29.8	28.7	409.0	64.0	27.9	0.0	187	22	8	20.5
2020-06-27 18:30	31.2	29.5	28.2	317.0	63.7	28.5	0.0	148	17	4	20.9
2020-06-27 19:00	30.4	29.3	28.4	183.0	71.4	26.9	0.0	170	9	3	21.3
2020-06-27 19:30	29.3	28.8	28.2	115.0	72.1	26.4	0.0	177	8	0	21.0
2020-06-27 20:00	28.2	28.3	27.8	54.0	76.9	25.3	0.0	176	3	0	21.0
2020-06-27 20:30	27.0	27.7	27.4	17.0	79.3	24.5	0.0	159	6	1	20.7
2020-06-27 21:00	26.0	27.1	27.2	1.0	80.7	23.4	0.0	158	8	0	19.9
2020-06-27 21:30	25.3	26.5	27.1	0.0	85.0	22.3	0.0	160	1	0	19.7
2020-06-27 22:00	24.7	26.1	26.7	0.0	87.2	22.1	0.0	138	8	0	19.9
2020-06-27 22:30	24.1	25.6	26.7	0.0	85.5	22.2	0.0	156	11	3	19.7
2020-06-27 23:00	23.7	25.2	26.6	0.0	87.3	21.8	0.0	156	9	1	19.6
2020-06-27 23:30	23.5	24.9	26.3	0.0	89.3	21.5	0.0	162	1	0	19.7
2020-06-28 00:00	23.3	24.7	26.3	0.0	90.9	21.2	0.0	160	0	0	19.7
2020-06-28 00:30	23.1	24.5	26.3	0.0	93.9	20.7	0.0	160	0	0	19.7
2020-06-28 01:00	22.8	24.3	26.3	0.0	94.6	20.3	0.0	160	0	0	19.4
2020-06-28 01:30	22.5	24.1	26.2	0.0	95.8	20.0	0.0	160	0	0	19.3
2020-06-28 02:00	22.3	23.8	25.9	0.0	96.4	20.1	0.0	149	1	0	19.5
2020-06-28 02:30	22.1	23.6	25.8	0.0	96.7	19.9	0.0	145	1	0	19.4
2020-06-28 03:00	21.9	23.4	25.8	0.0	97.2	19.6	0.0	145	1	0	19.1
2020-06-28 03:30	21.7	23.2	25.8	0.0	97.5	19.3	0.0	145	0	0	18.9
2020-06-28 04:00	21.4	23.1	25.9	0.0	97.9	19.5	0.0	125	3	0	19.2
2020-06-28 04:30	21.2	22.9	25.8	0.0	98.2	19.7	0.0	46	3	0	19.4
2020-06-28 05:00	21.2	22.7	25.9	0.0	98.3	19.7	0.0	49	3	0	19.4
2020-06-28 05:30	21.2	22.6	25.9	4.0	98.4	19.6	0.0	98	1	0	19.3
2020-06-28 06:00	21.2	22.5	25.9	21.0	98.3	19.6	0.0	98	1	0	19.3
2020-06-28 06:30	21.6	22.5	25.9	41.0	98.3	20.2	0.0	129	4	0	19.9
2020-06-28 07:00	22.3	22.7	25.9	39.0	97.7	20.8	0.0	156	4	0	20.4
2020-06-28 07:30	22.6	22.9	25.9	31.0	96.6	21.1	0.0	166	4	0	20.5
2020-06-28 08:00	23.3	23.1	25.9	125.0	93.4	21.8	0.0	173	3	0	20.7
2020-06-28 08:30	24.4	23.5	25.9	171.0	88.9	22.9	0.0	173	1	0	21.0
2020-06-28 09:00	25.3	24.0	25.9	227.0	85.0	23.7	0.0	173	1	0	21.0
2020-06-28 09:30	27.3	24.6	26.4	449.0	79.3	25.3	0.0	175	4	0	21.5
2020-06-28 10:00	29.6	25.6	26.4	611.0	76.0	26.4	0.0	208	6	0	21.8
2020-06-28 10:30	32.6	26.8	26.3	844.0	69.9	28.1	0.0	146	6	0	22.1
2020-06-28 11:00	35.4	28.3	26.4	920.0	71.4	28.1	0.0	213	11	1	22.4
2020-06-28 11:30	36.3	29.6	26.5	617.0	71.6	27.9	0.0	57	6	0	22.3
2020-06-28 12:00	34.3	29.9	27.1	360.0	70.2	28.0	0.0	112	4	0	22.1
2020-06-28 12:30	33.5	29.8	26.9	416.0	70.0	28.1	0.0	142	8	1	22.1
2020-06-28 13:00	34.4	29.9	26.6	608.0	70.7	28.3	0.0	172	9	4	22.5
2020-06-28 13:30	37.2	30.7	26.4	735.0	66.7	29.2	0.0	180	11	1	22.4
2020-06-28 14:00	37.9	31.6	26.4	705.0	61.9	29.9	0.0	244	8	0	21.8
2020-06-28 14:30	38.6	32.3	26.3	569.0	59.8	30.1	0.0	88	4	0	21.4
2020-06-28 15:00	36.5	32.5	27.1	274.0	63.3	29.1	0.0	288	1	0	21.4
2020-06-28 15:30	36.7	32.3	26.7	528.0	64.7	29.6	0.0	179	12	1	22.2
2020-06-28 16:00	37.6	32.5	26.5	726.0	65.6	29.6	0.0	56	17	4	22.5
2020-06-28 16:30	38.8	33.1	26.3	666.0	63.5	29.8	0.0	55	14	4	22.1
2020-06-28 17:00	37.3	33.4	26.9	236.0	66.1	29.0	0.0	40	8	1	22.0
2020-06-28 17:30	34.9	32.8	27.2	196.0	66.9	28.7	0.0	53	6	0	21.9
2020-06-28 18:00	34.7	32.3	27.0	285.0	66.8	29.3	0.0	52	8	0	22.5
2020-06-28 18:30	34.1	32.2	26.9	203.0	66.9	29.1	0.0	94	9	1	22.3
2020-06-28 19:00	32.4	31.7	26.9	68.0	69.1	28.1	0.0	90	8	0	21.9
2020-06-28 19:30	31.3	31.0	26.9	98.0	68.3	28.1	0.0	80	8	3	21.7
2020-06-28 20:00	30.3	30.4	26.6	46.0	69.1	27.5	0.0	105	8	1	21.3
2020-06-28 20:30	29.0	29.8	26.4	13.0	74.1	26.3	0.0	62	4	0	21.3
2020-06-28 21:00	27.9	29.1	26.0	1.0	79.1	25.2	0.0	45	3	0	21.3
2020-06-28 21:30	27.2	28.4	25.8	0.0	81.7	24.4	0.0	29	3	0	21.1
2020-06-28 22:00	26.6	27.9	25.7	0.0	84.2	23.7	0.0	31	3	0	20.9
2020-06-28 22:30	25.9	27.4	25.5	0.0	85.1	23.3	0.0	29	3	0	20.7
2020-06-28 23:00	25.5	27.1	25.4	0.0	85.0	22.8	0.0	16	3	0	20.1
2020-06-28 23:30	25.0	26.7	25.4	0.0	85.0	22.3	0.0	16	1	0	19.7
2020-06-29 00:00	24.6	26.3	25.2	0.0	86.0	21.8	0.0	16	3	0	19.4
2020-06-29 00:30	24.2	25.9	24.9	0.0	83.9	21.7	0.0	16	3	0	18.9
2020-06-29 01:00	23.8	25.6	24.9	0.0	82.0	21.6	0.0	16	3	0	18.4
2020-06-29 01:30	23.4	25.3	24.9	0.0	84.3	20.9	0.0	16	3	0	18.1
2020-06-29 02:00	23.2	25.0	24.9	0.0	83.4	20.8	0.0	16	0	0	17.9
2020-06-29 02:30	22.9	24.7	24.7	0.0	88.0	20.0	0.0	16	0	0	18.0
2020-06-29 03:00	22.7	24.4	24.4	0.0	92.6	19.3	0.0	16	0	0	18.1
2020-06-29 03:30	22.4	24.2	24.4	0.0	93.5	18.9	0.0	16	0	0	17.8
2020-06-29 04:00	22.2	24.0	24.4	0.0	93.4	19.0	0.0	16	1	0	17.9
2020-06-29 04:30	22.1	23.8	24.4	0.0	91.1	19.4	0.0	16	1	0	17.9
2020-06-29 05:00	21.9	23.6	24.5	0.0	93.9	18.9	0.0	145	0	0	17.9
2020-06-29 05:30	21.7	23.4	24.4	2.0	94.6	18.8	0.0	145	0	0	17.9
2020-06-29 06:00	21.7	23.3	24.3	23.0	94.4	19.2	0.0	145	0	0	18.3
2020-06-29 06:30	22.2	23.3	24.2	81.0	91.0	21.1	0.0	139	1	0	19.6
2020-06-29 07:00	23.4	23.4	24.2	158.0	86.6	23.4	0.0	81	4	0	21.0
2020-06-29 07:30	24.8	23.9	24.3	172.0	83.9	24.7	0.0	104	9	1	21.8
2020-06-29 08:00	25.7	24.4	24.7	221.0	82.4	25.2	0.0	104	9	3	22.0
2020-06-29 08:30	27.1	24.9	24.8	325.0	80.7	26.3	0.0	108	9	3	22.7
2020-06-29 09:00	29.6	25.8	24.7	463.0	78.3	27.7	0.0	110	12	3	23.6
2020-06-29 09:30	30.8	26.8	25.0	429.0	78.6	28.0	0.0	111	11	3	23.9
2020-06-29 10:00	31.3	27.4	25.0	358.0	79.3	28.1	0.0	103	9	3	24.2
2020-06-29 10:30	34.3	28.3	25.0	738.0	74.5	29.9	0.0	118	17	4	24.9
2020-06-29 11:00	36.9	29.7	24.8	707.0	72.0	30.3	0.0	110	11	4	24.7
2020-06-29 11:30	39.1	31.0	24.9	908.0	69.0	31.3	0.0	120	16	6	24.9
2020-06-29 12:00	40.2	32.2	25.2	781.0	67.2	31.4	0.0	124	14	6	24.6
2020-06-29 12:30	42.1	33.3	25.4	922.0	64.7	32.0	0.0	114	16	6	24.5
2020-06-29 13:00	43.3	34.4	25.9	892.0	61.8	32.3	0.0	115	19	6	24.0
2020-06-29 13:30	43.4	35.3	25.8	822.0	59.1	32.3	0.0	112	19	8	23.3
2020-06-29 14:00	43.8	35.8	25.8	854.0	57.6	32.7	0.0	120	17	8	23.2
2020-06-29 14:30	42.3	36.2	26.2	427.0	59.0	31.7	0.0	104	14	4	22.7
2020-06-29 15:00	37.4	35.3	27.0	94.0	65.6	28.6	0.0	122	25	11	21.5
2020-06-29 15:30	34.9	33.8	26.9	200.0	64.9	27.2	0.0	136	17	4	20.0
2020-06-29 16:00	33.7	32.8	26.6	110.0	66.9	27.2	0.0	97	8	0	20.5
2020-06-29 16:30	32.7	32.1	26.5	160.0	68.8	27.1	0.0	94	9	1	20.9
2020-06-29 17:00	32.3	31.5	26.3	136.0	69.6	27.3	0.0	237	4	0	21.3
2020-06-29 17:30	31.8	31.1	26.3	146.0	72.9	26.9	0.0	341	6	0	21.6
2020-06-29 18:00	31.0	30.8	26.2	60.0	77.6	24.8	0.0	310	22	8	20.6
2020-06-29 18:30	29.2	30.1	25.8	29.0	85.2	22.8	0.0	310	19	9	20.2
2020-06-29 19:00	27.4	29.3	24.8	21.0	91.9	21.5	3.3	328	19	8	20.1
2020-06-29 19:30	25.2	28.1	35.4	11.0	93.4	20.9	14.9	93	12	4	19.8
2020-06-29 20:00	24.2	26.7	39.5	26.0	91.1	21.4	0.5	42	17	8	19.9
2020-06-29 20:30	24.3	26.2	37.5	35.0	89.2	21.9	0.0	56	12	1	20.0
2020-06-29 21:00	24.3	25.9	36.8	7.0	89.6	21.7	0.0	132	16	1	19.9
2020-06-29 21:30	23.9	25.7	36.8	0.0	91.2	21.5	0.0	80	4	0	20.0
2020-06-29 22:00	23.7	25.4	36.1	0.0	93.9	20.9	0.0	79	1	0	19.9
2020-06-29 22:30	23.4	25.2	35.8	0.0	94.6	21.1	0.0	62	4	0	20.2
2020-06-29 23:00	23.2	24.9	35.8	0.0	93.5	21.3	0.0	48	6	1	20.2
2020-06-29 23:30	23.1	24.7	35.4	0.0	93.7	21.3	0.0	73	6	0	20.2
2020-06-30 00:00	22.9	24.6	35.3	0.0	94.5	21.1	0.0	69	1	0	20.2
2020-06-30 00:30	22.8	24.4	35.3	0.0	95.0	21.1	0.0	67	3	0	20.3
2020-06-30 01:00	22.7	24.2	35.3	0.0	94.5	21.1	0.0	74	1	0	20.2
2020-06-30 01:30	22.5	24.1	35.3	0.0	93.6	21.3	0.0	80	4	0	20.2
2020-06-30 02:00	22.4	23.9	35.3	0.0	91.8	21.4	0.0	84	3	0	20.0
2020-06-30 02:30	22.3	23.8	35.3	0.0	91.4	21.3	0.0	83	3	0	19.8
2020-06-30 03:00	22.2	23.7	35.3	0.0	91.6	20.9	0.2	88	3	0	19.5
2020-06-30 03:30	21.9	23.5	35.3	0.0	90.3	21.1	0.0	80	4	0	19.4
2020-06-30 04:00	21.7	23.3	35.3	0.0	90.1	20.9	0.0	72	3	0	19.2
2020-06-30 04:30	21.6	23.2	35.3	0.0	90.8	20.7	0.0	72	1	0	19.1
2020-06-30 05:00	21.4	23.1	35.0	0.0	93.1	20.3	0.0	46	4	0	19.1
2020-06-30 05:30	21.3	22.9	34.7	1.0	94.5	20.1	0.0	155	3	0	19.2
2020-06-30 06:00	21.2	22.7	34.7	13.0	96.0	19.3	0.0	32	0	0	18.6
2020-06-30 06:30	21.3	22.7	34.9	42.0	96.1	19.9	0.0	28	1	0	19.3
2020-06-30 07:00	21.8	22.7	34.9	121.0	91.1	21.7	0.0	28	1	0	20.2
2020-06-30 07:30	22.9	22.9	34.9	185.0	86.1	23.3	0.0	19	3	0	20.8
2020-06-30 08:00	24.2	23.3	34.9	287.0	84.8	24.1	0.0	52	6	1	21.4
2020-06-30 08:30	26.2	24.1	35.2	424.0	81.3	25.2	0.0	63	6	1	21.8
2020-06-30 09:00	28.1	24.9	35.2	503.0	79.2	26.3	0.0	62	8	1	22.4
2020-06-30 09:30	29.5	25.8	34.9	582.0	76.6	27.3	0.0	74	6	0	22.8
2020-06-30 10:00	31.9	26.8	34.4	776.0	71.3	28.8	0.0	69	6	0	23.1
2020-06-30 10:30	33.0	27.9	34.3	617.0	70.2	28.9	0.0	39	8	1	22.9
2020-06-30 11:00	32.4	28.4	34.3	547.0	69.1	28.7	0.0	67	12	1	22.5
2020-06-30 11:30	32.4	28.7	33.8	451.0	68.9	28.9	0.0	55	8	1	22.6
2020-06-30 12:00	32.3	28.8	33.7	593.0	67.6	29.1	0.0	59	8	1	22.5
2020-06-30 12:30	35.1	29.4	33.0	1117.0	64.9	30.7	0.0	59	11	3	23.3
2020-06-30 13:00	37.1	30.7	32.8	1065.0	63.7	31.0	0.0	69	14	3	23.3
2020-06-30 13:30	36.4	31.4	32.6	614.0	62.5	30.4	0.0	80	14	4	22.4
2020-06-30 14:00	34.8	31.3	32.2	594.0	63.0	30.2	0.0	62	14	4	22.4
2020-06-30 14:30	35.3	31.1	31.5	882.0	63.2	30.8	0.0	73	11	4	23.0
2020-06-30 15:00	33.7	31.3	31.3	229.0	66.1	29.3	0.0	76	11	4	22.3
2020-06-30 15:30	32.2	30.6	30.7	418.0	69.1	29.1	0.0	63	12	4	22.9
2020-06-30 16:00	32.1	30.3	30.2	382.0	64.8	29.2	0.0	60	8	1	21.9
2020-06-30 16:30	32.4	30.3	30.0	353.0	64.8	29.7	0.0	50	8	0	22.4
2020-06-30 17:00	32.6	30.3	29.7	390.0	64.9	30.1	0.0	50	8	1	22.8
2020-06-30 17:30	31.8	30.3	29.5	323.0	69.2	29.3	0.0	62	12	3	23.1
2020-06-30 18:00	32.2	30.3	29.3	371.0	67.3	29.8	0.0	49	9	1	23.1
2020-06-30 18:30	31.6	30.3	29.1	215.0	67.9	29.4	0.0	42	9	3	22.8
2020-06-30 19:00	29.9	29.9	28.9	114.0	72.5	27.6	0.0	76	9	3	22.2
2020-06-30 19:30	28.7	29.3	28.4	71.0	72.0	26.8	0.0	98	8	1	21.3
2020-06-30 20:00	27.7	28.8	28.0	24.0	74.7	25.9	0.0	97	3	0	21.1
2020-06-30 20:30	26.9	28.3	27.7	5.0	76.7	25.8	0.0	66	17	3	21.4
2020-06-30 21:00	26.1	27.8	27.5	0.0	74.9	25.2	0.0	50	6	1	20.4
2020-06-30 21:30	25.4	27.3	27.2	0.0	77.0	24.2	0.0	49	3	0	19.9
2020-06-30 22:00	25.1	26.9	27.2	0.0	79.4	23.3	0.0	110	4	0	19.5
2020-06-30 22:30	24.7	26.5	27.1	0.0	79.4	23.3	0.0	45	4	0	19.5
2020-06-30 23:00	24.4	26.2	26.9	0.0	89.0	21.6	0.0	45	1	0	19.7
2020-06-30 23:30	24.2	26.0	26.7	0.0	92.1	21.3	0.0	45	1	0	20.0
2020-07-01 00:00	23.9	25.7	26.7	0.0	90.5	21.6	0.0	33	3	0	20.0
2020-07-01 00:30	23.7	25.5	26.7	0.0	89.2	21.7	0.0	18	0	0	19.8
2020-07-01 01:00	23.6	25.3	26.7	0.0	89.4	21.9	0.0	18	3	0	20.1
2020-07-01 01:30	23.3	25.1	26.7	0.0	91.9	21.4	0.0	18	1	0	20.0
2020-07-01 02:00	23.2	24.9	26.7	0.0	92.1	21.2	0.0	18	1	0	19.9
2020-07-01 02:30	22.9	24.7	26.6	0.0	91.7	21.2	0.0	18	1	0	19.8
2020-07-01 03:00	22.8	24.5	26.5	0.0	91.7	21.1	0.0	18	3	0	19.7
2020-07-01 03:30	22.7	24.3	26.3	0.0	94.0	20.6	0.0	18	1	0	19.6
2020-07-01 04:00	22.5	24.2	26.3	0.0	93.8	20.7	0.0	18	3	0	19.7
2020-07-01 04:30	22.3	24.1	26.3	0.0	94.0	20.6	0.0	18	1	0	19.6
2020-07-01 05:00	22.1	23.9	26.3	0.0	95.3	19.7	0.0	16	1	0	18.9
2020-07-01 05:30	21.9	23.7	26.3	6.0	96.2	20.0	0.0	224	1	0	19.4
2020-07-01 06:00	22.0	23.6	26.3	29.0	95.7	20.7	0.0	314	0	0	20.0
2020-07-01 06:30	22.3	23.6	26.3	90.0	91.3	22.1	0.0	307	4	0	20.6
2020-07-01 07:00	23.2	23.7	26.3	165.0	89.3	23.1	0.0	52	4	0	21.2
2020-07-01 07:30	24.3	23.9	26.4	240.0	87.3	23.8	0.0	67	8	1	21.6
2020-07-01 08:00	25.7	24.4	26.5	324.0	84.1	24.6	0.0	60	9	1	21.7
2020-07-01 08:30	27.0	24.9	27.1	420.0	80.2	25.4	0.0	72	9	3	21.7
2020-07-01 09:00	28.4	25.7	27.0	512.0	77.0	26.2	0.0	60	9	3	21.8
2020-07-01 09:30	29.7	26.4	26.9	602.0	73.7	26.9	0.0	60	9	3	21.8
2020-07-01 10:00	31.1	27.1	26.9	679.0	70.2	28.0	0.0	55	12	3	22.1
2020-07-01 10:30	32.6	28.0	26.7	754.0	65.3	28.6	0.0	56	14	3	21.4
2020-07-01 11:00	34.1	29.0	26.6	827.0	60.8	29.1	0.0	64	14	4	20.8
2020-07-01 11:30	35.7	30.0	26.4	877.0	57.0	29.3	0.0	62	16	6	19.9
2020-07-01 12:00	37.2	30.9	26.5	905.0	55.2	29.6	0.0	66	19	8	19.7
2020-07-01 12:30	38.3	31.8	26.3	864.0	52.5	30.1	0.0	67	12	4	19.3
2020-07-01 13:00	39.9	32.6	26.3	942.0	50.9	30.4	0.0	70	17	6	19.1
2020-07-01 13:30	41.2	33.5	26.3	959.0	50.6	30.8	0.0	55	14	4	19.4
2020-07-01 14:00	42.0	34.3	26.5	915.0	53.0	30.9	0.0	63	16	6	20.2
2020-07-01 14:30	41.8	34.9	26.6	653.0	55.0	30.7	0.0	59	12	3	20.6
2020-07-01 15:00	38.9	34.8	26.9	473.0	56.3	30.1	0.0	66	11	3	20.4
2020-07-01 15:30	39.9	34.6	26.2	742.0	56.4	31.0	0.0	56	14	4	21.3
2020-07-01 16:00	40.3	34.9	26.3	550.0	58.4	30.3	0.0	63	14	6	21.2
2020-07-01 16:30	37.2	34.7	27.0	317.0	59.3	29.4	0.0	46	12	4	20.6
2020-07-01 17:00	36.3	34.1	26.9	262.0	58.4	29.3	0.0	63	16	4	20.3
2020-07-01 17:30	34.2	33.4	26.7	193.0	60.7	28.7	0.0	107	11	1	20.4
2020-07-01 18:00	33.0	32.7	26.7	174.0	60.8	28.3	0.0	94	11	3	20.0
2020-07-01 18:30	32.2	32.2	26.4	174.0	61.6	27.9	0.0	244	11	1	19.8
2020-07-01 19:00	31.8	31.7	26.3	228.0	60.0	28.0	0.0	182	8	3	19.5
2020-07-01 19:30	31.3	31.4	26.3	182.0	60.5	27.7	0.0	268	8	1	19.4
2020-07-01 20:00	30.2	31.1	26.4	108.0	62.4	27.0	0.0	280	8	0	19.2
2020-07-01 20:30	29.0	30.5	26.0	26.0	65.0	25.6	0.0	309	3	0	18.5
2020-07-01 21:00	27.8	29.8	25.7	0.0	67.6	24.3	0.0	331	4	0	17.9
2020-07-01 21:30	26.8	29.1	25.7	0.0	68.8	23.6	0.0	357	3	0	17.5
2020-07-01 22:00	26.1	28.4	25.2	0.0	69.9	23.1	0.0	324	6	0	17.3
2020-07-01 22:30	25.4	27.8	25.2	0.0	72.0	22.6	0.0	358	3	0	17.3
2020-07-01 23:00	24.9	27.3	25.2	0.0	78.7	21.4	0.0	353	4	0	17.5
2020-07-01 23:30	24.4	26.9	25.1	0.0	83.5	20.6	0.0	341	3	0	17.7
2020-07-02 00:00	23.9	26.4	24.9	0.0	86.4	19.9	0.0	344	1	0	17.6
2020-07-02 00:30	23.5	26.0	24.8	0.0	86.7	19.9	0.0	344	1	0	17.6
2020-07-02 01:00	23.1	25.6	24.8	0.0	89.9	18.8	0.0	344	0	0	17.1
2020-07-02 01:30	22.6	25.2	24.8	0.0	91.5	18.6	0.0	344	1	0	17.2
2020-07-02 02:00	22.3	24.8	24.9	0.0	92.3	18.3	0.0	344	1	0	17.0
2020-07-02 02:30	21.9	24.6	24.7	0.0	93.6	17.7	0.0	344	1	0	16.7
2020-07-02 03:00	21.7	24.3	24.4	0.0	93.8	17.9	0.0	344	1	0	16.9
2020-07-02 03:30	21.5	24.0	24.4	0.0	93.6	18.0	0.0	344	1	0	17.0
2020-07-02 04:00	21.3	23.7	24.4	0.0	93.7	17.8	0.0	344	1	0	16.8
2020-07-02 04:30	21.1	23.5	24.4	0.0	93.9	17.8	0.0	344	1	0	16.8
2020-07-02 05:00	20.9	23.3	24.4	0.0	94.4	17.3	0.0	344	0	0	16.4
2020-07-02 05:30	20.7	23.1	24.4	2.0	95.4	17.2	0.0	204	0	0	16.5
2020-07-02 06:00	20.7	22.9	24.3	20.0	94.4	17.8	0.0	32	0	0	16.9
2020-07-02 06:30	20.9	22.8	24.3	91.0	89.6	19.6	0.0	32	0	0	17.8
2020-07-02 07:00	21.9	22.9	24.3	178.0	84.3	21.7	0.0	62	4	0	18.9
2020-07-02 07:30	23.4	23.2	24.4	252.0	79.8	23.3	0.0	358	3	0	19.6
2020-07-02 08:00	25.1	23.7	24.5	322.0	74.7	24.7	0.0	353	4	0	19.9
2020-07-02 08:30	27.0	24.4	24.8	426.0	70.1	26.2	0.0	299	6	0	20.3
2020-07-02 09:00	28.9	25.4	24.9	526.0	64.7	27.2	0.0	40	6	0	20.0
2020-07-02 09:30	30.8	26.5	25.0	616.0	58.7	28.4	0.0	132	6	0	19.5
2020-07-02 10:00	32.4	27.7	25.2	679.0	57.0	29.3	0.0	48	4	0	19.9
2020-07-02 10:30	34.3	28.8	25.1	756.0	53.5	30.3	0.0	62	6	0	19.8
2020-07-02 11:00	36.3	30.0	25.0	831.0	52.1	30.2	0.0	101	9	1	19.3
2020-07-02 11:30	38.1	31.1	25.0	805.0	50.5	30.4	0.0	66	9	3	19.0
2020-07-02 12:00	40.0	32.1	25.4	882.0	49.2	31.2	0.0	152	9	3	19.3
2020-07-02 12:30	40.8	32.9	25.2	920.0	49.8	30.9	0.0	90	14	3	19.2
2020-07-02 13:00	41.4	33.8	25.4	761.0	49.2	30.9	0.0	57	9	1	19.0
2020-07-02 13:30	42.8	34.3	25.5	997.0	45.8	32.3	0.0	193	9	1	19.1
2020-07-02 14:00	43.1	35.2	25.7	741.0	45.2	31.6	0.0	173	9	1	18.3
2020-07-02 14:30	43.4	35.6	25.8	941.0	41.9	32.7	0.0	77	9	0	18.1
2020-07-02 15:00	43.9	36.1	25.8	822.0	42.1	32.4	0.0	56	6	0	17.9
2020-07-02 15:30	44.1	36.5	26.0	835.0	41.2	32.7	0.0	124	11	1	17.8
2020-07-02 16:00	43.7	36.9	25.8	724.0	41.8	32.6	0.0	125	9	1	17.9
2020-07-02 16:30	42.7	37.0	25.7	613.0	42.7	32.4	0.0	245	8	1	18.1
2020-07-02 17:00	41.6	36.9	25.7	520.0	44.9	32.1	0.0	248	6	1	18.6
2020-07-02 17:30	39.7	36.5	25.6	365.0	49.3	30.7	0.0	290	11	3	18.9
2020-07-02 18:00	37.8	35.9	25.9	331.0	52.5	30.2	0.0	280	8	1	19.4
2020-07-02 18:30	36.6	35.3	26.0	262.0	53.5	29.4	0.0	256	9	1	19.0
2020-07-02 19:00	34.8	34.6	25.8	156.0	53.8	28.4	0.0	213	9	1	18.1
2020-07-02 19:30	32.8	33.7	25.8	67.0	56.3	27.4	0.0	237	4	0	17.9
2020-07-02 20:00	31.2	32.8	25.7	54.0	57.1	26.9	0.0	186	3	0	17.7
2020-07-02 20:30	29.9	31.9	25.6	19.0	61.8	25.6	0.0	350	3	0	17.7
2020-07-02 21:00	28.9	31.1	25.0	2.0	68.0	24.2	0.0	350	0	0	17.9
2020-07-02 21:30	27.9	30.3	24.9	0.0	81.9	21.8	0.0	350	0	0	18.6
2020-07-02 22:00	27.0	29.6	24.8	0.0	87.1	20.2	0.0	350	0	0	18.0
2020-07-02 22:30	26.3	28.9	24.5	0.0	86.0	19.9	0.0	350	1	0	17.5
2020-07-02 23:00	25.6	28.3	24.3	0.0	88.3	19.4	0.0	350	0	0	17.4
2020-07-02 23:30	24.9	27.7	24.3	0.0	90.7	18.7	0.0	350	0	0	17.1
2020-07-03 00:00	24.3	27.2	24.3	0.0	92.9	18.5	0.0	350	0	0	17.3
2020-07-03 00:30	23.8	26.7	24.2	0.0	94.2	17.0	0.0	350	0	0	16.1
2020-07-03 01:00	23.2	26.2	24.1	0.0	95.8	17.7	0.0	350	0	0	17.0
2020-07-03 01:30	22.8	25.8	24.0	0.0	96.1	16.4	0.0	350	0	0	15.8
2020-07-03 02:00	22.3	25.4	24.1	0.0	96.4	16.3	0.0	350	0	0	15.7
2020-07-03 02:30	21.9	25.0	24.0	0.0	96.6	15.7	0.0	350	0	0	15.2
2020-07-03 03:00	21.6	24.6	23.7	0.0	96.9	15.5	0.0	350	1	0	15.0
2020-07-03 03:30	21.2	24.2	23.6	0.0	97.0	15.7	0.0	350	0	0	15.2
2020-07-03 04:00	20.9	23.9	23.6	0.0	97.3	14.7	0.0	350	0	0	14.3
2020-07-03 04:30	20.6	23.6	23.6	0.0	97.5	14.8	0.0	350	0	0	14.4
2020-07-03 05:00	20.4	23.3	23.6	0.0	97.9	15.4	0.0	350	0	0	15.1
2020-07-03 05:30	20.3	23.1	23.6	3.0	98.1	15.4	0.0	203	0	0	15.1
2020-07-03 06:00	20.4	22.9	23.5	31.0	98.1	15.7	0.0	79	0	0	15.4
2020-07-03 06:30	20.8	22.8	23.3	102.0	95.9	18.1	0.0	7	0	0	17.4
2020-07-03 07:00	21.6	22.9	23.3	144.0	90.5	19.9	0.0	18	1	0	18.3
2020-07-03 07:30	23.1	23.1	23.3	247.0	81.9	22.8	0.0	183	0	0	19.5
2020-07-03 08:00	25.2	23.7	23.5	347.0	79.3	24.1	0.0	199	1	0	20.3
2020-07-03 08:30	27.5	24.5	24.0	435.0	67.6	26.5	0.0	336	1	0	20.0
2020-07-03 09:00	29.3	25.4	24.2	508.0	60.7	27.3	0.0	316	3	0	19.0
2020-07-03 09:30	31.3	26.5	24.2	643.0	56.3	28.2	0.0	242	4	0	18.7
2020-07-03 10:00	33.1	27.7	24.4	692.0	51.5	29.1	0.0	304	9	0	18.1
2020-07-03 10:30	34.3	28.9	24.5	761.0	50.1	29.7	0.0	307	8	1	18.2
2020-07-03 11:00	35.9	30.1	24.3	836.0	49.2	30.0	0.0	231	8	1	18.2
2020-07-03 11:30	38.3	31.3	24.3	886.0	48.3	30.7	0.0	304	6	0	18.5
2020-07-03 12:00	40.5	32.3	24.5	916.0	47.3	31.0	0.0	312	6	1	18.5
2020-07-03 12:30	42.3	33.3	24.5	936.0	47.5	31.3	0.0	280	6	0	18.8
2020-07-03 13:00	43.6	34.2	24.9	951.0	44.9	31.7	0.0	214	11	0	18.3
2020-07-03 13:30	44.7	34.9	24.9	954.0	43.9	32.1	0.0	280	6	1	18.3
2020-07-03 14:00	45.3	35.7	25.0	935.0	41.7	32.5	0.0	240	8	1	17.8
2020-07-03 14:30	45.6	36.2	25.2	909.0	39.3	32.6	0.0	160	9	1	17.0
2020-07-03 15:00	45.7	36.7	25.5	863.0	37.9	32.9	0.0	131	6	1	16.7
2020-07-03 15:30	45.6	37.1	25.2	810.0	37.2	33.2	0.0	170	4	0	16.6
2020-07-03 16:00	45.1	37.4	25.4	741.0	37.1	32.9	0.0	100	8	0	16.3
2020-07-03 16:30	44.4	37.6	25.2	667.0	39.7	32.7	0.0	228	9	1	17.2
2020-07-03 17:00	43.3	37.6	24.9	570.0	40.8	32.6	0.0	254	8	1	17.6
2020-07-03 17:30	42.0	37.4	24.9	490.0	42.2	32.2	0.0	302	12	1	17.7
2020-07-03 18:00	40.5	37.1	24.8	394.0	44.5	31.7	0.0	347	11	1	18.1
2020-07-03 18:30	38.6	36.6	24.7	298.0	46.0	30.8	0.0	321	11	1	17.8
2020-07-03 19:00	36.7	35.9	25.0	223.0	47.5	29.9	0.0	189	6	1	17.5
2020-07-03 19:30	34.3	35.2	24.8	158.0	48.4	29.2	0.0	124	8	0	17.2
2020-07-03 20:00	32.4	34.3	24.8	68.0	51.0	28.0	0.0	341	4	0	16.9
2020-07-03 20:30	30.9	33.3	24.7	10.0	57.6	25.9	0.0	300	1	0	16.9
2020-07-03 21:00	29.7	32.3	24.3	0.0	65.7	23.9	0.0	220	1	0	17.1
2020-07-03 21:30	28.6	31.4	24.0	0.0	65.9	23.4	0.0	297	1	0	16.7
2020-07-03 22:00	27.7	30.6	24.0	0.0	77.4	20.8	0.0	303	0	0	16.7
2020-07-03 22:30	26.9	29.9	23.8	0.0	85.2	19.6	0.0	303	0	0	17.0
2020-07-03 23:00	26.3	29.2	23.5	0.0	88.3	19.3	0.0	303	0	0	17.3
2020-07-03 23:30	25.8	28.6	23.5	0.0	90.0	19.0	0.0	303	0	0	17.3
2020-07-04 00:00	25.4	28.1	23.5	0.0	88.7	18.9	0.0	303	1	0	17.0
2020-07-04 00:30	25.0	27.7	23.5	0.0	91.9	18.4	0.0	303	0	0	17.1
2020-07-04 01:00	24.7	27.3	23.1	0.0	92.2	18.6	0.0	303	0	0	17.3
2020-07-04 01:30	24.4	26.9	23.1	0.0	90.2	18.8	0.0	303	0	0	17.2
2020-07-04 02:00	24.1	26.6	23.1	0.0	93.9	18.4	0.0	303	0	0	17.4
2020-07-04 02:30	23.7	26.3	23.1	0.0	94.8	17.7	0.0	303	0	0	16.9
2020-07-04 03:00	23.4	25.9	23.1	0.0	95.1	18.3	0.0	303	3	0	17.5
2020-07-04 03:30	23.2	25.7	23.1	0.0	93.3	18.0	0.0	303	1	0	16.9
2020-07-04 04:00	22.8	25.4	22.9	0.0	95.2	17.4	0.0	303	0	0	16.6
2020-07-04 04:30	22.4	25.1	22.7	0.0	95.0	17.2	0.0	303	0	0	16.4
2020-07-04 05:00	22.2	24.8	22.7	0.0	96.0	16.7	0.0	303	0	0	16.1
2020-07-04 05:30	21.9	24.5	22.7	1.0	96.7	16.7	0.0	290	0	0	16.2
2020-07-04 06:00	21.8	24.3	22.7	25.0	96.8	16.9	0.0	145	0	0	16.4
2020-07-04 06:30	22.2	24.2	22.7	78.0	92.9	19.1	0.0	145	0	0	17.9
2020-07-04 07:00	22.6	24.2	22.7	80.0	91.9	19.9	0.0	169	1	0	18.5
2020-07-04 07:30	23.4	24.2	22.7	126.0	87.8	21.6	0.0	310	4	0	19.5
2020-07-04 08:00	25.0	24.5	22.8	312.0	81.7	23.7	0.0	326	8	0	20.4
2020-07-04 08:30	27.4	25.2	23.0	417.0	75.8	25.1	0.0	314	6	1	20.5
2020-07-04 09:00	29.6	26.1	23.3	502.0	69.8	26.6	0.0	207	4	0	20.6
2020-07-04 09:30	31.6	27.2	23.3	594.0	63.4	28.1	0.0	186	4	0	20.5
2020-07-04 10:00	33.1	28.3	23.5	670.0	61.2	28.9	0.0	276	4	0	20.7
2020-07-04 10:30	34.5	29.6	23.5	760.0	57.7	29.7	0.0	259	4	0	20.5
2020-07-04 11:00	36.1	30.7	23.3	803.0	53.2	30.7	0.0	310	6	0	20.1
2020-07-04 11:30	38.1	31.8	23.6	810.0	51.4	31.2	0.0	247	9	1	20.0
2020-07-04 12:00	40.5	32.8	23.6	915.0	50.5	31.8	0.0	241	9	1	20.3
2020-07-04 12:30	42.5	33.9	24.0	919.0	50.9	31.9	0.0	177	6	1	20.5
2020-07-04 13:00	44.0	34.8	24.3	920.0	50.1	32.5	0.0	206	6	0	20.8
2020-07-04 13:30	45.1	35.6	24.3	930.0	50.1	32.8	0.0	152	6	0	21.0
2020-07-04 14:00	46.0	36.3	24.3	926.0	48.3	33.4	0.0	235	6	0	21.0
2020-07-04 14:30	46.6	36.9	24.3	939.0	46.8	33.8	0.0	244	8	1	20.8
2020-07-04 15:00	47.1	37.6	24.3	903.0	48.6	33.7	0.0	312	11	3	21.4
2020-07-04 15:30	45.7	37.9	24.3	495.0	53.4	32.3	0.0	320	11	3	21.6
2020-07-04 16:00	43.5	37.7	24.3	704.0	55.3	32.3	0.0	302	11	4	22.2
2020-07-04 16:30	43.7	37.6	24.2	647.0	55.6	31.9	0.0	279	17	4	21.9
2020-07-04 17:00	43.1	37.6	24.2	561.0	53.9	31.8	0.0	261	16	3	21.3
2020-07-04 17:30	41.8	37.4	24.2	471.0	54.9	31.2	0.0	242	14	4	21.1
2020-07-04 18:00	40.5	37.2	24.0	384.0	55.8	30.7	0.0	297	9	3	20.9
2020-07-04 18:30	38.8	36.7	23.8	289.0	57.7	29.9	0.0	278	11	3	20.7
2020-07-04 19:00	37.0	36.1	24.0	205.0	60.4	29.1	0.0	309	12	3	20.6
2020-07-04 19:30	35.1	35.3	24.1	135.0	62.4	27.9	0.0	241	11	3	20.0
2020-07-04 20:00	33.2	34.5	23.6	58.0	65.4	27.0	0.0	251	6	0	20.0
2020-07-04 20:30	31.6	33.6	24.0	12.0	68.5	25.8	0.0	142	4	0	19.6
2020-07-04 21:00	30.3	32.6	23.4	0.0	71.6	24.8	0.0	358	3	0	19.3
2020-07-04 21:30	29.4	31.8	23.1	0.0	74.1	24.0	0.0	358	1	0	19.1
2020-07-04 22:00	28.5	31.1	23.0	0.0	76.4	23.1	0.0	358	1	0	18.7
2020-07-04 22:30	27.7	30.4	22.7	0.0	83.2	21.7	0.0	358	0	0	18.7
2020-07-04 23:00	27.2	29.8	22.7	0.0	86.7	20.7	0.0	358	3	0	18.4
2020-07-04 23:30	26.6	29.3	22.7	0.0	88.2	20.3	0.0	358	0	0	18.3
2020-07-05 00:00	26.1	28.8	22.7	0.0	91.1	19.7	0.0	358	0	0	18.2
2020-07-05 00:30	25.6	28.3	22.4	0.0	92.6	19.0	0.0	358	0	0	17.8
2020-07-05 01:00	25.2	27.9	22.2	0.0	91.5	19.1	0.0	358	0	0	17.7
2020-07-05 01:30	25.0	27.5	22.3	0.0	88.9	19.5	0.0	358	1	0	17.6
2020-07-05 02:00	24.7	27.2	22.3	0.0	90.3	19.1	0.0	358	0	0	17.5
2020-07-05 02:30	24.3	26.9	22.3	0.0	92.5	18.5	0.0	358	0	0	17.3
2020-07-05 03:00	23.9	26.6	22.3	0.0	93.3	18.3	0.0	358	0	0	17.2
2020-07-05 03:30	23.6	26.2	22.2	0.0	94.7	17.4	0.0	358	0	0	16.5
2020-07-05 04:00	23.3	25.9	21.9	0.0	95.8	17.8	0.0	358	0	0	17.1
2020-07-05 04:30	23.1	25.7	21.9	0.0	95.6	16.9	0.0	358	0	0	16.2
2020-07-05 05:00	22.8	25.4	21.9	0.0	96.2	17.3	0.0	358	0	0	16.7
2020-07-05 05:30	22.6	25.2	21.9	0.0	96.1	17.0	0.0	162	0	0	16.4
2020-07-05 06:00	22.3	24.9	21.9	17.0	96.1	16.8	0.0	231	0	0	16.2
2020-07-05 06:30	22.6	24.7	21.9	91.0	91.2	19.5	0.0	70	0	0	18.0
2020-07-05 07:00	23.4	24.7	21.9	169.0	85.9	21.7	0.0	43	0	0	19.2
2020-07-05 07:30	24.8	24.9	21.9	245.0	79.6	23.9	0.0	96	1	0	20.2
2020-07-05 08:00	26.7	25.4	22.1	324.0	77.1	24.9	0.0	306	1	0	20.6
2020-07-05 08:30	28.6	26.1	22.1	413.0	69.7	26.7	0.0	56	1	0	20.7
2020-07-05 09:00	30.8	27.0	22.2	498.0	67.2	27.8	0.0	245	1	0	21.2
2020-07-05 09:30	32.4	28.0	22.4	585.0	60.9	29.2	0.0	341	3	0	20.9
2020-07-05 10:00	33.7	29.1	22.6	667.0	57.2	29.9	0.0	336	4	0	20.5
2020-07-05 10:30	34.9	30.2	22.4	735.0	53.4	30.7	0.0	228	4	0	20.1
2020-07-05 11:00	36.6	31.3	22.4	797.0	52.0	30.9	0.0	83	6	0	19.9
2020-07-05 11:30	38.5	32.4	22.6	850.0	45.9	32.1	0.0	334	8	0	19.0
2020-07-05 12:00	40.7	33.4	22.8	891.0	45.1	32.2	0.0	149	6	1	18.8
2020-07-05 12:30	42.9	34.4	22.9	947.0	45.2	32.7	0.0	160	9	0	19.3
2020-07-05 13:00	44.7	35.3	23.0	965.0	44.1	33.3	0.0	255	8	1	19.4
2020-07-05 13:30	45.8	36.1	23.1	945.0	44.8	33.8	0.0	247	6	0	20.1
2020-07-05 14:00	46.3	36.7	23.1	899.0	46.0	33.3	0.0	264	6	0	20.1
2020-07-05 14:30	46.8	37.3	23.3	926.0	44.5	33.9	0.0	302	9	0	20.1
2020-07-05 15:00	47.5	37.8	23.1	896.0	44.5	34.1	0.0	192	6	1	20.3
2020-07-05 15:30	47.4	38.3	23.3	829.0	44.5	33.9	0.0	290	8	0	20.1
2020-07-05 16:00	47.0	38.6	23.3	764.0	45.9	33.3	0.0	81	8	0	20.1
2020-07-05 16:30	46.5	38.8	23.3	690.0	45.3	33.9	0.0	280	4	0	20.4
2020-07-05 17:00	45.3	38.8	23.4	571.0	48.4	33.0	0.0	166	6	1	20.7
2020-07-05 17:30	43.9	38.7	22.9	485.0	47.4	32.8	0.0	57	6	0	20.1
2020-07-05 18:00	42.5	38.3	22.8	387.0	46.3	33.2	0.0	46	4	0	20.1
2020-07-05 18:30	40.5	37.9	22.7	259.0	51.4	32.6	0.0	357	1	0	21.3
2020-07-05 19:00	38.4	37.3	22.8	130.0	56.7	31.4	0.0	357	0	0	21.8
2020-07-05 19:30	36.1	36.3	22.8	72.0	64.2	29.9	0.0	357	0	0	22.4
2020-07-05 20:00	34.5	35.5	22.7	52.0	66.1	29.3	0.0	357	0	0	22.3
2020-07-05 20:30	33.1	34.6	22.4	9.0	63.5	27.8	0.0	357	1	0	20.2
2020-07-05 21:00	31.8	33.8	22.7	0.0	61.1	26.9	0.0	358	1	0	18.8
2020-07-05 21:30	31.1	32.9	22.1	0.0	65.5	26.1	0.0	327	9	0	19.1
2020-07-05 22:00	30.6	32.3	22.1	0.0	68.8	25.6	0.0	319	3	0	19.4
2020-07-05 22:30	30.2	31.9	22.0	0.0	70.3	25.3	0.0	319	0	0	19.5
2020-07-05 23:00	29.7	31.4	21.9	0.0	74.3	24.9	0.0	321	1	0	20.0
2020-07-05 23:30	29.4	31.1	21.6	0.0	72.8	24.9	0.0	340	1	0	19.7
2020-07-06 00:00	29.0	30.7	21.5	0.0	62.5	26.1	0.0	189	12	1	18.4
2020-07-06 00:30	28.5	30.3	21.4	0.0	67.3	25.1	0.0	73	12	3	18.6
2020-07-06 01:00	28.1	29.9	21.4	0.0	73.5	23.9	0.0	74	16	4	18.9
2020-07-06 01:30	27.7	29.6	21.4	0.0	74.8	23.6	0.0	108	9	3	18.9
2020-07-06 02:00	27.3	29.2	21.4	0.0	75.1	23.4	0.0	104	9	1	18.7
2020-07-06 02:30	26.8	28.8	21.4	0.0	76.4	23.3	0.0	94	8	1	18.9
2020-07-06 03:00	26.3	28.5	21.3	0.0	82.4	21.9	0.0	84	1	0	18.8
2020-07-06 03:30	25.9	28.2	21.0	0.0	89.8	20.1	0.0	84	0	0	18.4
2020-07-06 04:00	25.4	27.8	21.0	0.0	91.9	19.6	0.0	84	0	0	18.2
2020-07-06 04:30	25.1	27.5	21.0	0.0	91.9	19.4	0.0	84	0	0	18.0
2020-07-06 05:00	24.7	27.2	21.0	0.0	94.2	19.1	0.0	84	0	0	18.1
2020-07-06 05:30	24.4	26.9	21.0	1.0	95.0	18.5	0.0	84	0	0	17.7
2020-07-06 06:00	24.3	26.6	21.0	17.0	94.2	19.2	0.0	84	0	0	18.2
2020-07-06 06:30	24.4	26.4	21.0	82.0	86.7	21.4	0.0	62	0	0	19.1
2020-07-06 07:00	25.2	26.4	21.0	147.0	80.0	23.8	0.0	217	0	0	20.1
2020-07-06 07:30	26.4	26.6	21.0	222.0	75.7	25.4	0.0	111	4	0	20.8
2020-07-06 08:00	28.2	27.0	21.4	308.0	67.3	27.7	0.0	120	1	0	21.1
2020-07-06 08:30	30.0	27.7	21.2	397.0	61.7	28.8	0.0	128	1	0	20.7
2020-07-06 09:00	32.0	28.4	21.2	484.0	58.1	29.1	0.0	186	4	0	20.0
2020-07-06 09:30	33.5	29.3	21.4	568.0	54.3	30.1	0.0	180	4	0	19.9
2020-07-06 10:00	34.4	30.3	21.4	647.0	49.6	30.6	0.0	201	4	0	18.9
2020-07-06 10:30	35.6	31.3	21.4	720.0	46.1	31.7	0.0	166	4	0	18.7
2020-07-06 11:00	37.2	32.3	21.3	786.0	45.1	32.4	0.0	159	6	0	19.0
2020-07-06 11:30	39.0	33.3	21.5	830.0	46.0	32.8	0.0	173	4	0	19.7
2020-07-06 12:00	41.2	34.3	21.6	878.0	45.7	32.9	0.0	175	6	1	19.6
2020-07-06 12:30	43.3	35.1	21.7	908.0	45.8	33.2	0.0	189	8	1	19.9
2020-07-06 13:00	44.9	35.8	21.9	932.0	46.5	33.4	0.0	193	11	1	20.4
2020-07-06 13:30	44.6	36.3	21.9	769.0	49.0	32.7	0.0	184	11	3	20.6
2020-07-06 14:00	45.5	36.7	22.0	702.0	49.9	32.6	0.0	203	8	1	20.8
2020-07-06 14:30	44.3	36.9	21.9	801.0	50.1	33.3	0.0	170	8	1	21.5
2020-07-06 15:00	44.7	37.2	21.8	527.0	50.2	32.7	0.0	163	9	1	21.0
2020-07-06 15:30	44.0	37.3	21.7	708.0	49.5	33.0	0.0	190	14	3	21.0
2020-07-06 16:00	44.7	37.5	21.9	691.0	48.4	33.7	0.0	176	9	1	21.3
2020-07-06 16:30	44.4	37.8	21.8	528.0	50.7	32.8	0.0	216	8	1	21.2
2020-07-06 17:00	43.1	37.8	21.8	618.0	49.5	33.4	0.0	217	9	1	21.4
2020-07-06 17:30	43.1	37.8	21.6	523.0	50.5	33.1	0.0	224	6	1	21.4
2020-07-06 18:00	42.0	37.7	21.5	411.0	51.3	32.7	0.0	232	6	1	21.3
2020-07-06 18:30	40.3	37.4	21.4	304.0	54.6	32.0	0.0	223	6	1	21.7
2020-07-06 19:00	38.5	36.8	21.6	223.0	55.4	31.2	0.0	228	6	1	21.2
2020-07-06 19:30	36.7	36.2	21.6	144.0	57.9	30.3	0.0	221	4	0	21.1
2020-07-06 20:00	34.7	35.4	21.4	68.0	61.5	29.4	0.0	223	1	0	21.2
2020-07-06 20:30	33.1	34.6	21.4	13.0	67.4	27.5	0.0	227	1	0	20.9
2020-07-06 21:00	31.8	33.7	21.3	0.0	75.1	25.1	0.0	227	0	0	20.4
2020-07-06 21:30	30.7	32.9	20.8	0.0	81.0	23.8	0.0	227	0	0	20.3
2020-07-06 22:00	29.9	32.2	20.8	0.0	87.4	22.5	0.0	227	0	0	20.3
2020-07-06 22:30	29.2	31.6	20.7	0.0	87.3	22.2	0.0	227	0	0	20.0
2020-07-06 23:00	28.6	31.1	20.3	0.0	88.9	22.3	0.0	227	0	0	20.4
2020-07-06 23:30	28.2	30.6	20.3	0.0	91.9	21.6	0.0	227	0	0	20.2
2020-07-07 00:00	27.7	30.1	20.2	0.0	90.8	21.1	0.0	227	0	0	19.5
2020-07-07 00:30	27.3	29.7	20.2	0.0	90.3	21.2	0.0	227	0	0	19.5
2020-07-07 01:00	27.0	29.3	20.2	0.0	92.0	20.9	0.0	227	0	0	19.6
2020-07-07 01:30	26.7	29.0	20.1	0.0	92.5	21.1	0.0	227	0	0	19.8
2020-07-07 02:00	26.4	28.7	19.9	0.0	89.6	21.1	0.0	227	1	0	19.3
2020-07-07 02:30	26.1	28.4	19.9	0.0	93.2	20.6	0.0	227	0	0	19.5
2020-07-07 03:00	25.9	28.1	19.9	0.0	92.0	20.8	0.0	227	1	0	19.5
2020-07-07 03:30	25.6	27.9	19.9	0.0	93.3	20.2	0.0	227	0	0	19.1
2020-07-07 04:00	25.4	27.6	19.9	0.0	94.2	19.9	0.0	227	0	0	18.9
2020-07-07 04:30	25.1	27.4	19.9	0.0	94.5	19.5	0.0	227	0	0	18.6
2020-07-07 05:00	24.9	27.2	19.9	0.0	94.4	19.6	0.0	227	0	0	18.7
2020-07-07 05:30	24.7	26.9	19.9	1.0	95.4	19.4	0.0	227	0	0	18.6
2020-07-07 06:00	24.6	26.7	19.9	17.0	95.3	19.6	0.0	129	0	0	18.8
2020-07-07 06:30	24.9	26.6	19.9	75.0	89.7	22.0	0.0	115	3	0	20.2
2020-07-07 07:00	25.6	26.7	19.9	146.0	81.9	24.9	0.0	114	0	0	21.6
2020-07-07 07:30	27.0	26.9	20.0	220.0	75.5	26.8	0.0	110	1	0	22.1
2020-07-07 08:00	28.7	27.3	20.2	297.0	69.2	28.3	0.0	110	3	0	22.1
2020-07-07 08:30	30.5	28.0	20.0	387.0	66.6	28.8	0.0	176	3	0	22.0
2020-07-07 09:00	32.3	28.8	20.0	471.0	64.6	29.2	0.0	227	6	1	21.8
2020-07-07 09:30	34.0	29.6	20.2	559.0	61.2	30.3	0.0	245	6	1	22.0
2020-07-07 10:00	35.1	30.6	20.2	646.0	59.2	30.6	0.0	228	8	1	21.7
2020-07-07 10:30	36.1	31.6	20.3	699.0	57.7	31.1	0.0	240	9	1	21.8
2020-07-07 11:00	37.1	32.4	20.2	680.0	56.8	31.4	0.0	241	11	1	21.8
2020-07-07 11:30	39.3	33.3	20.2	887.0	52.6	32.1	0.0	217	9	1	21.2
2020-07-07 12:00	41.4	34.3	20.5	887.0	52.5	31.9	0.0	221	12	3	21.0
2020-07-07 12:30	43.7	35.1	20.6	931.0	49.2	33.1	0.0	204	16	1	21.0
2020-07-07 13:00	45.4	36.0	20.8	922.0	48.1	33.3	0.0	258	8	1	20.8
2020-07-07 13:30	45.8	36.6	20.9	666.0	51.8	32.7	0.0	259	8	1	21.5
2020-07-07 14:00	44.1	36.8	20.9	670.0	53.6	32.6	0.0	256	6	1	22.0
2020-07-07 14:30	44.3	36.8	20.7	693.0	53.2	32.8	0.0	223	12	1	22.0
2020-07-07 15:00	45.8	37.1	20.7	861.0	52.9	33.4	0.0	210	9	3	22.5
2020-07-07 15:30	46.6	37.7	20.5	822.0	51.3	34.1	0.0	214	12	1	22.6
2020-07-07 16:00	47.1	38.3	20.5	797.0	49.7	34.3	0.0	196	8	1	22.3
2020-07-07 16:30	46.8	38.7	20.5	692.0	49.8	34.2	0.0	170	8	1	22.2
2020-07-07 17:00	45.1	38.9	20.6	478.0	51.5	33.5	0.0	201	8	0	22.1
2020-07-07 17:30	43.9	38.7	20.7	513.0	51.7	33.4	0.0	231	9	1	22.1
2020-07-07 18:00	42.4	38.4	20.3	395.0	53.0	32.7	0.0	224	11	3	21.9
2020-07-07 18:30	40.5	37.9	20.2	295.0	54.3	31.9	0.0	234	9	3	21.5
2020-07-07 19:00	37.7	37.2	20.6	90.0	61.0	29.7	0.0	228	4	0	21.4
2020-07-07 19:30	36.3	36.3	20.6	92.0	64.1	29.9	0.0	238	1	0	22.4
2020-07-07 20:00	34.5	35.5	20.2	16.0	67.2	28.2	0.0	223	4	0	21.5
2020-07-07 20:30	33.1	34.6	20.2	4.0	70.8	26.8	0.0	235	33	6	21.1
2020-07-07 21:00	31.3	33.7	20.1	0.0	77.8	23.1	0.0	293	32	16	19.0
2020-07-07 21:30	29.9	32.7	19.7	0.0	85.5	21.8	0.0	299	24	9	19.3
2020-07-07 22:00	29.3	31.9	19.4	0.0	85.1	22.0	0.0	266	14	4	19.4
2020-07-07 22:30	28.3	31.3	19.2	0.0	91.9	21.1	2.0	307	14	3	19.7
2020-07-07 23:00	27.5	30.5	19.1	0.0	93.2	21.2	0.0	258	4	0	20.1
2020-07-07 23:30	26.9	29.9	19.1	0.0	94.0	21.1	0.0	48	8	1	20.1
2020-07-08 00:00	26.4	29.3	19.0	0.0	92.4	21.2	0.0	80	6	0	19.9
2020-07-08 00:30	26.2	28.8	18.9	0.0	93.1	21.2	0.0	223	4	0	20.0
2020-07-08 01:00	25.8	28.5	18.7	0.0	94.2	21.1	0.0	69	3	0	20.1
2020-07-08 01:30	25.5	28.2	18.7	0.0	95.6	20.8	0.0	297	3	0	20.1
2020-07-08 02:00	25.4	27.9	18.7	0.0	96.3	20.7	0.0	296	1	0	20.1
2020-07-08 02:30	25.3	27.7	18.7	0.0	96.6	20.6	0.0	296	0	0	20.0
2020-07-08 03:00	25.0	27.5	18.7	0.0	97.0	20.6	0.0	296	1	0	20.1
2020-07-08 03:30	24.9	27.3	18.7	0.0	97.0	20.8	0.0	189	3	0	20.3
2020-07-08 04:00	24.8	27.1	18.7	0.0	97.0	20.7	0.2	345	0	0	20.2
2020-07-08 04:30	24.8	26.9	18.7	0.0	97.1	20.9	0.0	345	0	0	20.4
2020-07-08 05:00	24.7	26.8	18.7	0.0	97.3	20.8	0.0	345	1	0	20.4
2020-07-08 05:30	24.5	26.7	18.7	0.0	97.3	20.7	0.0	345	0	0	20.3
2020-07-08 06:00	24.3	26.5	18.7	8.0	97.5	20.6	0.0	345	0	0	20.2
2020-07-08 06:30	24.1	26.3	18.7	16.0	97.7	20.6	0.0	345	3	0	20.2
2020-07-08 07:00	24.2	26.2	18.7	27.0	97.6	20.9	0.0	354	1	0	20.5
2020-07-08 07:30	24.3	26.1	18.7	47.0	97.3	21.0	0.0	293	1	0	20.6
2020-07-08 08:00	24.8	26.1	18.8	100.0	96.2	21.9	0.0	303	3	0	21.3
2020-07-08 08:30	25.7	26.2	18.8	235.0	90.5	23.2	0.0	338	3	0	21.6
2020-07-08 09:00	28.4	26.7	19.0	469.0	81.3	25.3	0.0	64	6	1	21.9
2020-07-08 09:30	30.1	27.6	19.3	428.0	77.2	26.2	0.0	148	4	0	21.9
2020-07-08 10:00	31.0	28.2	19.2	643.0	73.3	27.6	0.0	187	6	0	22.4
2020-07-08 10:30	32.2	29.0	19.2	589.0	72.9	27.8	0.0	48	8	0	22.5
2020-07-08 11:00	34.2	29.9	19.4	811.0	67.4	29.4	0.0	121	8	0	22.7
2020-07-08 11:30	35.8	31.0	19.5	691.0	62.8	30.2	0.0	282	4	0	22.3
2020-07-08 12:00	37.3	31.8	19.7	637.0	61.5	30.8	0.0	172	6	0	22.5
2020-07-08 12:30	38.2	32.4	19.7	649.0	61.6	31.2	0.0	295	4	0	22.9
2020-07-08 13:00	39.3	32.9	19.5	638.0	58.1	32.2	0.0	217	4	0	22.9
2020-07-08 13:30	39.2	33.4	19.7	478.0	61.9	31.3	0.0	39	4	0	23.1
2020-07-08 14:00	38.9	33.6	20.0	624.0	60.3	31.8	0.0	76	6	0	23.2
2020-07-08 14:30	40.8	34.1	19.7	720.0	54.4	32.7	0.0	70	6	0	22.3
2020-07-08 15:00	42.4	34.7	19.7	756.0	55.8	32.7	0.0	74	12	1	22.7
2020-07-08 15:30	43.5	35.3	19.7	814.0	56.2	32.6	0.0	40	8	1	22.7
2020-07-08 16:00	43.9	35.9	20.2	735.0	53.0	32.9	0.0	60	6	1	22.1
2020-07-08 16:30	43.2	36.4	20.2	419.0	54.0	32.4	0.0	118	6	0	21.9
2020-07-08 17:00	38.8	36.2	20.6	97.0	60.7	30.6	0.0	60	3	0	22.1
2020-07-08 17:30	36.4	35.4	20.5	109.0	66.0	30.5	0.0	52	1	0	23.4
2020-07-08 18:00	36.6	34.8	20.2	349.0	60.9	30.6	0.0	177	9	3	22.2
2020-07-08 18:30	36.1	34.6	20.2	191.0	61.1	29.6	0.0	139	16	6	21.3
2020-07-08 19:00	33.9	33.9	20.0	79.0	64.2	27.3	0.0	101	12	3	19.9
2020-07-08 19:30	33.2	33.3	20.0	153.0	62.8	27.3	0.0	86	6	0	19.6
2020-07-08 20:00	32.6	32.8	20.1	85.0	64.7	26.9	0.0	100	6	1	19.7
2020-07-08 20:30	31.5	32.4	20.2	31.0	69.8	26.1	0.0	83	6	0	20.2
2020-07-08 21:00	30.6	31.8	19.7	2.0	73.7	25.5	0.0	79	4	0	20.5
2020-07-08 21:30	29.8	31.3	19.6	0.0	71.2	25.7	0.0	77	4	0	20.1
2020-07-08 22:00	29.1	30.8	19.5	0.0	73.0	24.9	0.0	84	1	0	19.7
2020-07-08 22:30	28.4	30.3	19.5	0.0	77.6	24.0	0.0	74	1	0	19.8
2020-07-08 23:00	27.9	29.9	19.4	0.0	78.5	23.7	0.0	60	0	0	19.7
2020-07-08 23:30	27.6	29.6	19.3	0.0	77.9	23.7	0.0	105	3	0	19.6
2020-07-09 00:00	27.2	29.2	19.0	0.0	78.3	23.7	0.0	101	3	0	19.7
2020-07-09 00:30	26.8	28.8	18.9	0.0	83.7	22.6	0.0	103	1	0	19.7
2020-07-09 01:00	26.5	28.6	18.9	0.0	82.6	22.9	0.0	103	1	0	19.8
2020-07-09 01:30	26.2	28.3	18.9	0.0	85.3	22.3	0.0	104	1	0	19.7
2020-07-09 02:00	25.9	28.0	18.9	0.0	91.1	21.4	0.0	103	0	0	19.9
2020-07-09 02:30	25.6	27.8	19.0	0.0	89.6	21.5	0.0	103	0	0	19.7
2020-07-09 03:00	25.4	27.5	19.0	0.0	88.3	21.8	0.0	103	1	0	19.8
2020-07-09 03:30	25.2	27.3	19.0	0.0	89.8	21.5	0.0	104	1	0	19.8
2020-07-09 04:00	25.1	27.1	19.1	0.0	90.0	21.6	0.0	104	1	0	19.9
2020-07-09 04:30	24.8	26.9	19.1	0.0	89.4	21.7	0.0	105	1	0	19.9
2020-07-09 05:00	24.7	26.7	19.1	0.0	92.6	20.8	0.0	96	1	0	19.6
2020-07-09 05:30	24.4	26.5	19.1	1.0	93.6	20.6	0.0	124	0	0	19.5
2020-07-09 06:00	24.5	26.4	19.1	16.0	94.3	20.6	0.0	282	0	0	19.7
2020-07-09 06:30	24.7	26.3	19.1	62.0	89.1	22.3	0.0	64	4	0	20.4
2020-07-09 07:00	25.2	26.3	19.1	134.0	84.5	24.0	0.0	110	4	0	21.2
2020-07-09 07:30	26.2	26.4	19.2	210.0	80.7	25.2	0.0	114	4	0	21.6
2020-07-09 08:00	27.9	26.7	19.3	296.0	75.1	26.7	0.0	177	1	0	21.9
2020-07-09 08:30	29.7	27.2	19.4	390.0	71.7	27.8	0.0	124	3	0	22.2
2020-07-09 09:00	31.7	27.9	19.2	479.0	69.1	28.8	0.0	155	4	0	22.6
2020-07-09 09:30	33.3	28.8	19.5	557.0	68.6	29.2	0.0	160	6	0	22.8
2020-07-09 10:00	34.2	29.7	19.6	564.0	67.9	29.4	0.0	111	6	0	22.8
2020-07-09 10:30	34.9	30.4	19.7	632.0	67.3	30.0	0.0	110	9	1	23.3
2020-07-09 11:00	36.1	31.3	19.7	631.0	65.1	30.2	0.0	122	11	4	22.9
2020-07-09 11:30	36.4	31.8	20.2	504.0	64.3	29.9	0.0	122	11	4	22.4
2020-07-09 12:00	37.9	32.2	20.0	779.0	61.7	31.4	0.0	132	11	4	23.2
2020-07-09 12:30	40.1	33.0	19.7	763.0	60.4	31.4	0.0	129	16	4	22.8
2020-07-09 13:00	41.9	33.8	19.9	784.0	58.0	32.1	0.0	138	12	4	22.8
2020-07-09 13:30	42.6	34.4	20.1	783.0	57.5	32.3	0.0	131	16	4	22.8
2020-07-09 14:00	43.3	34.9	20.2	843.0	55.8	32.4	0.0	129	16	8	22.4
2020-07-09 14:30	44.3	35.5	20.2	855.0	54.7	32.9	0.0	141	16	8	22.6
2020-07-09 15:00	44.3	35.9	20.2	753.0	54.5	32.7	0.0	148	17	8	22.3
2020-07-09 15:30	43.8	36.2	20.2	578.0	56.0	32.4	0.0	142	17	6	22.5
2020-07-09 16:00	42.7	36.3	20.2	606.0	56.3	32.4	0.0	134	19	9	22.6
2020-07-09 16:30	41.5	36.2	20.2	386.0	58.7	31.5	0.0	117	17	6	22.4
2020-07-09 17:00	39.2	35.9	20.8	229.0	60.0	31.1	0.0	124	17	8	22.4
2020-07-09 17:30	37.5	35.3	20.7	313.0	58.6	31.3	0.0	122	20	8	22.2
2020-07-09 18:00	37.0	34.9	20.3	117.0	59.8	30.7	0.7	128	22	8	22.0
2020-07-09 18:30	33.0	34.0	21.4	178.0	78.3	27.5	2.2	138	16	3	23.4
2020-07-09 19:00	32.2	33.0	22.1	84.0	72.4	28.7	0.0	139	19	8	23.2
2020-07-09 19:30	30.1	32.1	22.1	40.0	71.6	28.1	0.2	127	20	8	22.5
2020-07-09 20:00	29.1	31.3	21.9	29.0	72.1	28.1	0.0	122	17	8	22.6
2020-07-09 20:30	28.3	30.6	21.8	5.0	72.2	27.8	0.0	121	19	6	22.3
2020-07-09 21:00	27.7	29.9	21.8	0.0	71.9	27.5	0.0	120	16	6	22.0
2020-07-09 21:30	27.3	29.5	21.8	0.0	70.4	27.6	0.0	108	16	6	21.7
2020-07-09 22:00	26.4	28.9	21.6	0.0	79.4	23.8	0.2	228	28	11	20.0
2020-07-09 22:30	25.3	28.3	21.3	0.0	91.5	21.3	0.5	285	17	4	19.9
2020-07-09 23:00	25.1	27.8	22.9	0.0	92.4	21.3	1.0	262	8	1	20.0
2020-07-09 23:30	24.7	27.1	30.5	0.0	94.1	21.1	5.0	225	6	1	20.1
2020-07-10 00:00	24.2	26.0	37.6	0.0	95.0	20.9	1.7	64	4	0	20.1
2020-07-10 00:30	24.1	26.0	37.4	0.0	95.8	21.0	0.7	5	4	0	20.3
2020-07-10 01:00	24.2	26.0	36.4	0.0	96.2	20.9	0.2	324	1	0	20.3
2020-07-10 01:30	24.2	26.0	35.6	0.0	96.4	20.9	0.0	360	1	0	20.3
2020-07-10 02:00	24.2	26.0	34.7	0.0	96.6	20.9	0.0	251	1	0	20.3
2020-07-10 02:30	24.1	25.9	33.9	0.0	96.4	20.8	0.0	59	1	0	20.2
2020-07-10 03:00	24.1	25.8	33.1	0.0	96.8	20.8	0.0	360	0	0	20.3
2020-07-10 03:30	24.1	25.8	32.7	0.0	97.0	21.1	0.0	324	3	0	20.6
2020-07-10 04:00	24.0	25.7	32.2	0.0	97.1	21.0	0.0	255	3	0	20.5
2020-07-10 04:30	23.9	25.6	32.0	0.0	96.9	21.0	0.0	241	3	0	20.5
2020-07-10 05:00	23.8	25.5	31.7	0.0	95.4	20.9	0.0	238	6	1	20.1
2020-07-10 05:30	23.7	25.3	31.3	0.0	94.6	20.9	0.0	251	9	3	20.0
2020-07-10 06:00	23.4	25.2	32.4	0.0	94.9	20.7	0.5	272	11	3	19.9
2020-07-10 06:30	23.0	24.8	37.2	5.0	96.3	20.4	7.3	268	12	3	19.8
2020-07-10 07:00	22.8	24.5	37.0	5.0	96.3	20.4	0.2	262	16	4	19.8
2020-07-10 07:30	22.7	24.4	36.1	59.0	92.5	20.4	0.0	273	22	9	19.1
2020-07-10 08:00	23.2	24.4	35.3	171.0	91.1	20.8	0.0	276	14	8	19.3
2020-07-10 08:30	23.9	24.4	34.7	221.0	88.5	21.2	0.0	273	17	9	19.2
2020-07-10 09:00	24.9	24.7	34.7	424.0	84.1	22.3	0.0	282	16	8	19.5
2020-07-10 09:30	26.2	25.2	34.5	502.0	80.6	23.2	0.0	279	17	6	19.7
2020-07-10 10:00	26.7	25.7	33.8	596.0	79.0	23.8	0.0	261	14	6	19.9
2020-07-10 10:30	27.6	26.4	33.4	746.0	73.5	24.9	0.0	269	16	6	19.8
2020-07-10 11:00	28.6	27.1	33.1	809.0	69.1	25.8	0.0	262	16	8	19.7
2020-07-10 11:30	29.8	27.7	32.2	834.0	67.9	26.4	0.0	259	20	8	20.0
2020-07-10 12:00	30.9	28.1	31.9	927.0	65.9	27.0	0.0	266	22	8	20.1
2020-07-10 12:30	32.0	28.6	31.5	884.0	65.0	27.5	0.0	259	22	8	20.3
2020-07-10 13:00	32.7	28.9	31.1	975.0	63.2	28.1	0.0	268	17	8	20.4
2020-07-10 13:30	32.5	29.3	30.6	755.0	62.4	27.8	0.0	264	17	8	20.0
2020-07-10 14:00	32.6	29.4	29.8	709.0	64.0	27.9	0.0	249	19	8	20.5
2020-07-10 14:30	32.2	29.6	29.3	773.0	63.3	27.8	0.0	249	20	9	20.2
2020-07-10 15:00	32.3	29.6	28.7	719.0	60.2	27.8	0.0	256	20	9	19.4
2020-07-10 15:30	31.8	29.6	28.0	641.0	58.7	27.9	0.0	245	22	9	19.1
2020-07-10 16:00	31.4	29.6	27.7	723.0	59.9	28.3	0.0	252	19	8	19.8
2020-07-10 16:30	32.3	29.9	27.7	703.0	58.3	28.4	0.0	249	19	11	19.4
2020-07-10 17:00	31.8	30.1	27.4	535.0	56.4	27.9	0.0	258	20	9	18.4
2020-07-10 17:30	31.9	30.1	27.2	472.0	56.7	27.8	0.0	255	17	8	18.4
2020-07-10 18:00	32.2	30.1	26.9	475.0	56.3	28.2	0.0	248	20	8	18.7
2020-07-10 18:30	31.1	30.1	26.9	260.0	58.0	27.1	0.0	271	19	6	18.1
2020-07-10 19:00	30.1	29.6	26.5	249.0	56.6	27.1	0.0	266	19	8	17.7
2020-07-10 19:30	28.8	29.2	26.3	156.0	57.4	26.4	0.0	272	24	8	17.3
2020-07-10 20:00	27.3	28.6	25.8	70.0	61.1	25.4	0.0	271	11	3	17.4
2020-07-10 20:30	26.0	27.9	25.2	11.0	68.2	23.7	0.0	268	6	0	17.5
2020-07-10 21:00	25.1	27.2	25.1	0.0	72.4	22.7	0.0	268	11	0	17.5
2020-07-10 21:30	24.4	26.7	24.8	0.0	77.6	21.6	0.0	240	3	0	17.5
2020-07-10 22:00	23.8	26.2	24.8	0.0	78.4	21.5	0.0	237	3	0	17.6
2020-07-10 22:30	23.4	25.8	24.7	0.0	79.6	21.2	0.0	235	4	0	17.5
2020-07-10 23:00	23.0	25.3	24.4	0.0	81.2	20.8	0.0	230	4	1	17.5
2020-07-10 23:30	22.6	25.0	24.3	0.0	82.0	20.4	0.0	234	4	0	17.2
2020-07-11 00:00	22.3	24.7	24.4	0.0	81.7	20.4	0.0	235	6	0	17.2
2020-07-11 00:30	22.1	24.4	24.3	0.0	83.3	19.9	0.0	231	3	0	17.0
2020-07-11 01:00	21.8	24.2	24.1	0.0	88.5	18.6	0.0	231	0	0	16.7
2020-07-11 01:30	21.5	23.9	24.1	0.0	88.3	18.3	0.0	231	0	0	16.3
2020-07-11 02:00	21.3	23.7	24.1	0.0	85.5	18.9	0.0	251	3	0	16.4
2020-07-11 02:30	21.1	23.4	24.1	0.0	85.4	19.1	0.0	278	3	0	16.6
2020-07-11 03:00	20.9	23.3	24.1	0.0	86.8	18.6	0.0	247	1	0	16.4
2020-07-11 03:30	20.7	23.1	24.0	0.0	90.2	17.6	0.0	238	0	0	16.0
2020-07-11 04:00	20.4	22.9	24.0	0.0	92.1	17.1	0.0	238	0	0	15.8
2020-07-11 04:30	20.2	22.6	23.7	0.0	93.9	16.6	0.0	238	0	0	15.6
2020-07-11 05:00	19.9	22.4	23.6	0.0	95.1	16.2	0.0	244	0	0	15.4
2020-07-11 05:30	19.7	22.2	23.6	0.0	95.5	16.4	0.0	196	1	0	15.7
2020-07-11 06:00	19.7	22.1	23.6	15.0	94.8	16.6	0.0	238	3	0	15.8
2020-07-11 06:30	19.9	21.9	23.6	94.0	87.0	19.3	0.0	105	0	0	17.1
2020-07-11 07:00	20.4	21.9	23.6	162.0	84.9	20.6	0.0	91	3	0	18.0
2020-07-11 07:30	21.7	22.2	23.6	232.0	83.4	21.2	0.0	210	6	1	18.3
2020-07-11 08:00	23.5	22.6	23.6	316.0	79.9	22.2	0.0	225	9	3	18.6
2020-07-11 08:30	25.2	23.2	23.8	395.0	73.6	23.9	0.0	238	8	1	18.9
2020-07-11 09:00	26.1	23.8	24.2	384.0	70.5	24.3	0.0	232	9	3	18.6
2020-07-11 09:30	28.3	24.6	24.4	584.0	65.1	25.7	0.0	232	12	4	18.6
2020-07-11 10:00	30.5	25.6	24.3	663.0	61.5	26.4	0.0	237	11	4	18.4
2020-07-11 10:30	32.6	26.7	24.4	742.0	60.0	27.2	0.0	234	9	3	18.8
2020-07-11 11:00	34.7	27.8	24.5	785.0	60.0	27.6	0.0	221	12	6	19.1
2020-07-11 11:30	32.1	28.4	25.0	111.0	68.8	24.1	1.5	247	17	6	18.0
2020-07-11 12:00	27.1	27.4	25.0	40.0	86.1	20.9	1.2	242	8	3	18.5
2020-07-11 12:30	25.3	26.2	33.9	59.0	88.9	20.6	1.5	223	11	4	18.7
2020-07-11 13:00	25.4	25.5	37.4	234.0	88.8	21.2	0.0	248	4	0	19.3
2020-07-11 13:30	27.7	25.7	37.6	591.0	80.9	23.0	0.0	282	8	1	19.5
2020-07-11 14:00	30.8	26.8	37.5	749.0	74.3	24.5	0.0	227	8	1	19.6
2020-07-11 14:30	31.4	27.8	36.6	670.0	73.5	24.9	0.0	216	11	3	19.8
2020-07-11 15:00	32.3	28.5	35.3	787.0	71.0	26.1	0.0	223	11	3	20.4
2020-07-11 15:30	32.8	29.2	34.6	722.0	70.6	26.7	0.0	201	12	4	20.9
2020-07-11 16:00	32.6	29.6	33.9	704.0	67.4	27.2	0.0	216	14	4	20.6
2020-07-11 16:30	32.6	29.8	33.5	678.0	62.3	28.0	0.0	245	16	4	20.1
2020-07-11 17:00	32.2	29.9	32.9	584.0	58.9	28.3	0.0	251	11	4	19.5
2020-07-11 17:30	31.9	29.9	32.4	493.0	58.2	28.9	0.0	255	6	1	19.9
2020-07-11 18:00	31.4	29.9	31.9	401.0	57.3	28.5	0.0	244	8	1	19.2
2020-07-11 18:30	30.2	29.7	31.3	311.0	58.1	27.9	0.0	256	8	1	18.9
2020-07-11 19:00	29.1	29.2	31.2	180.0	61.6	27.1	0.0	266	6	1	19.1
2020-07-11 19:30	27.8	28.6	30.2	65.0	67.5	25.5	0.0	261	6	0	19.0
2020-07-11 20:00	26.7	28.0	29.7	19.0	77.8	23.7	0.0	273	0	0	19.6
2020-07-11 20:30	26.0	27.4	29.5	4.0	86.6	22.5	0.0	273	0	0	20.2
2020-07-11 21:00	25.4	26.9	29.1	0.0	86.5	21.9	0.0	272	0	0	19.5
2020-07-11 21:30	25.1	26.6	29.0	0.0	88.8	21.9	0.0	271	0	0	20.0
2020-07-11 22:00	24.8	26.2	29.0	0.0	88.7	21.4	0.0	247	1	0	19.5
2020-07-11 22:30	24.4	26.0	29.0	0.0	84.8	21.3	0.0	213	25	4	18.6
2020-07-11 23:00	23.2	25.6	28.4	0.0	86.0	19.6	0.2	203	16	6	17.2
2020-07-11 23:30	22.8	25.0	28.2	0.0	90.7	19.1	0.5	216	11	0	17.5
2020-07-12 00:00	22.8	24.7	32.7	0.0	93.9	19.0	1.0	259	1	0	18.0
2020-07-12 00:30	22.8	24.4	35.6	0.0	94.9	19.1	0.0	337	1	0	18.3
2020-07-12 01:00	22.8	24.3	35.7	0.0	95.7	19.2	0.0	337	1	0	18.5
2020-07-12 01:30	22.5	24.1	35.7	0.0	96.1	18.8	0.0	337	1	0	18.2
2020-07-12 02:00	22.1	23.9	35.6	0.0	96.5	18.6	0.2	334	1	0	18.0
2020-07-12 02:30	21.8	23.7	35.4	0.0	96.7	18.5	0.0	333	0	0	18.0
2020-07-12 03:00	21.6	23.4	35.2	0.0	97.0	18.2	0.0	333	0	0	17.7
2020-07-12 03:30	21.3	23.2	35.2	0.0	97.2	18.4	0.0	276	3	0	17.9
2020-07-12 04:00	21.4	23.1	35.2	0.0	96.3	18.9	0.0	262	1	0	18.3
2020-07-12 04:30	21.6	23.1	35.2	0.0	94.6	19.0	0.0	279	1	0	18.1
2020-07-12 05:00	21.5	23.0	35.2	0.0	95.4	18.7	0.0	279	3	0	17.9
2020-07-12 05:30	21.3	22.9	35.0	0.0	95.1	18.6	0.0	278	1	0	17.8
2020-07-12 06:00	21.1	22.7	34.7	12.0	95.0	18.5	0.0	183	1	0	17.7
2020-07-12 06:30	21.2	22.7	34.7	48.0	93.2	19.0	0.0	272	4	0	17.9
2020-07-12 07:00	21.4	22.6	35.0	136.0	90.2	19.9	0.0	247	6	1	18.2
2020-07-12 07:30	22.0	22.7	35.3	104.0	91.2	20.2	0.0	271	8	1	18.7
2020-07-12 08:00	23.3	22.9	35.3	260.0	88.0	21.8	0.0	295	8	1	19.7
2020-07-12 08:30	24.9	23.5	35.3	385.0	81.6	23.2	0.0	317	14	4	19.9
2020-07-12 09:00	26.2	24.1	35.0	493.0	76.6	23.8	0.0	320	14	4	19.4
2020-07-12 09:30	27.4	24.8	34.9	581.0	72.2	24.2	0.0	317	17	6	18.9
2020-07-12 10:00	28.6	25.5	34.7	661.0	68.4	24.7	0.0	326	12	4	18.5
2020-07-12 10:30	29.7	26.2	34.1	742.0	66.3	25.3	0.0	323	14	4	18.6
2020-07-12 11:00	30.8	26.9	33.7	782.0	63.7	25.6	0.0	279	20	4	18.2
2020-07-12 11:30	30.7	27.6	33.6	540.0	64.5	25.3	0.0	288	12	4	18.1
2020-07-12 12:00	30.3	27.6	33.0	685.0	64.7	25.4	0.0	273	14	4	18.3
2020-07-12 12:30	31.6	28.1	32.6	684.0	63.3	25.9	0.0	244	9	3	18.4
2020-07-12 13:00	31.3	28.6	32.0	547.0	63.1	25.4	0.0	264	12	4	17.9
2020-07-12 13:30	31.9	28.7	31.3	917.0	57.9	26.8	0.0	312	12	3	17.8
2020-07-12 14:00	32.9	29.4	30.9	584.0	62.2	25.9	0.0	273	11	3	18.1
2020-07-12 14:30	33.1	29.8	30.2	858.0	60.2	26.6	0.0	200	12	3	18.2
2020-07-12 15:00	33.4	30.2	29.7	663.0	61.6	26.1	0.0	199	14	3	18.1
2020-07-12 15:30	31.6	30.1	29.3	590.0	62.6	25.4	0.0	128	11	1	17.7
2020-07-12 16:00	32.8	30.3	28.8	521.0	60.7	26.2	0.0	278	11	3	18.0
2020-07-12 16:30	30.6	30.1	28.2	457.0	62.8	25.7	0.0	296	11	1	18.1
2020-07-12 17:00	31.9	30.1	27.7	557.0	62.5	25.7	0.0	105	16	4	18.0
2020-07-12 17:30	31.9	30.3	27.3	524.0	59.9	26.4	0.0	251	9	1	18.0
2020-07-12 18:00	31.8	30.5	27.0	342.0	64.8	24.8	0.0	86	14	3	17.7
2020-07-12 18:30	29.1	30.0	26.7	98.0	69.6	23.2	0.0	173	9	1	17.3
2020-07-12 19:00	28.3	29.2	26.3	216.0	67.9	23.5	0.0	194	17	3	17.2
2020-07-12 19:30	27.6	28.8	25.9	153.0	69.8	22.9	0.0	220	11	1	17.1
2020-07-12 20:00	26.2	28.2	25.4	75.0	73.0	21.9	0.0	210	6	0	16.8
2020-07-12 20:30	24.9	27.6	24.9	10.0	78.7	20.6	0.0	232	1	0	16.8
2020-07-12 21:00	23.9	26.9	24.7	0.0	82.9	19.4	0.0	353	0	0	16.4
2020-07-12 21:30	23.3	26.2	24.4	0.0	85.3	18.8	0.0	360	0	0	16.3
2020-07-12 22:00	22.7	25.7	24.2	0.0	90.6	17.7	0.0	360	0	0	16.1
2020-07-12 22:30	22.1	25.2	24.1	0.0	92.0	16.9	0.0	360	0	0	15.6
2020-07-12 23:00	21.6	24.7	24.1	0.0	94.1	16.3	0.0	360	0	0	15.3
2020-07-12 23:30	21.2	24.2	23.7	0.0	95.3	15.9	0.0	360	0	0	15.1
2020-07-13 00:00	20.8	23.8	23.6	0.0	95.4	15.5	0.0	360	0	0	14.8
2020-07-13 00:30	20.4	23.4	23.5	0.0	95.8	15.5	0.0	360	0	0	14.8
2020-07-13 01:00	20.2	23.1	23.1	0.0	95.6	15.1	0.0	360	0	0	14.4
2020-07-13 01:30	19.8	22.8	23.1	0.0	96.0	14.7	0.0	360	0	0	14.1
2020-07-13 02:00	19.4	22.5	23.1	0.0	96.3	13.8	0.0	360	0	0	13.2
2020-07-13 02:30	19.2	22.2	23.1	0.0	96.8	14.1	0.0	360	0	0	13.6
2020-07-13 03:00	18.9	21.9	23.1	0.0	96.9	13.4	0.0	360	0	0	12.9
2020-07-13 03:30	18.7	21.6	23.0	0.0	97.1	13.4	0.0	360	0	0	12.9
2020-07-13 04:00	18.5	21.4	22.7	0.0	97.5	13.7	0.0	360	0	0	13.3
2020-07-13 04:30	18.3	21.2	22.7	0.0	97.7	14.2	0.0	360	0	0	13.8
2020-07-13 05:00	18.2	20.9	22.7	0.0	97.9	14.1	0.0	358	0	0	13.8
2020-07-13 05:30	18.0	20.8	22.7	0.0	98.0	13.6	0.0	336	0	0	13.3
2020-07-13 06:00	17.9	20.6	22.7	14.0	98.1	14.1	0.0	324	0	0	13.8
2020-07-13 06:30	18.1	20.5	22.6	99.0	97.1	16.1	0.0	319	0	0	15.6
2020-07-13 07:00	18.6	20.5	22.7	171.0	89.3	18.1	0.0	292	0	0	16.3
2020-07-13 07:30	19.6	20.6	22.8	242.0	85.3	19.7	0.0	347	1	0	17.2
2020-07-13 08:00	22.1	21.1	22.8	326.0	81.3	21.0	0.0	328	1	0	17.7
2020-07-13 08:30	24.2	21.8	22.8	417.0	75.6	21.8	0.0	289	3	0	17.3
2020-07-13 09:00	26.1	22.6	23.1	508.0	71.9	22.8	0.0	310	3	0	17.5
2020-07-13 09:30	27.9	23.7	23.5	598.0	65.8	24.3	0.0	327	4	0	17.5
2020-07-13 10:00	29.8	24.9	23.4	684.0	62.0	24.8	0.0	303	4	0	17.0
2020-07-13 10:30	31.9	26.0	23.6	757.0	58.8	25.6	0.0	299	6	0	16.9
2020-07-13 11:00	33.9	27.2	23.7	848.0	57.4	26.2	0.0	279	6	0	17.1
2020-07-13 11:30	35.9	28.4	23.6	899.0	55.2	26.4	0.0	211	6	0	16.7
2020-07-13 12:00	37.6	29.7	23.5	943.0	51.7	27.2	0.0	238	6	0	16.4
2020-07-13 12:30	38.6	30.9	23.5	720.0	53.3	27.1	0.0	280	6	0	16.8
2020-07-13 13:00	38.2	31.4	23.6	712.0	52.6	26.9	0.0	200	6	0	16.4
2020-07-13 13:30	39.7	32.0	23.4	994.0	49.4	28.4	0.0	235	9	0	16.8
2020-07-13 14:00	40.0	32.8	23.4	864.0	48.6	28.1	0.0	235	4	0	16.3
2020-07-13 14:30	41.7	33.8	23.5	823.0	47.6	28.9	0.0	184	4	0	16.7
2020-07-13 15:00	40.3	34.3	23.6	526.0	49.5	28.2	0.0	289	3	0	16.6
2020-07-13 15:30	37.9	33.9	23.8	448.0	53.0	27.2	0.0	344	3	0	16.8
2020-07-13 16:00	38.7	33.6	23.5	744.0	48.6	28.9	0.0	285	3	0	17.0
2020-07-13 16:30	39.2	34.1	23.3	504.0	49.5	28.8	0.0	22	3	0	17.2
2020-07-13 17:00	38.2	34.1	23.4	487.0	48.6	29.0	0.0	206	4	0	17.1
2020-07-13 17:30	36.1	33.8	23.8	188.0	52.0	27.8	0.0	230	1	0	17.0
2020-07-13 18:00	33.6	32.9	23.7	186.0	60.6	26.1	0.0	125	6	0	17.9
2020-07-13 18:30	32.6	32.1	23.4	156.0	60.7	25.4	0.0	69	8	0	17.3
2020-07-13 19:00	31.1	31.4	23.5	80.0	62.0	24.6	0.0	64	8	1	16.8
2020-07-13 19:30	30.2	30.7	23.0	141.0	61.0	24.8	0.0	59	11	1	16.8
2020-07-13 20:00	28.7	30.0	22.8	27.0	64.6	23.3	0.0	70	9	1	16.3
2020-07-13 20:30	27.4	29.2	22.7	9.0	66.7	22.5	0.0	73	4	0	16.0
2020-07-13 21:00	26.3	28.4	22.4	0.0	69.5	21.5	0.0	56	3	0	15.7
2020-07-13 21:30	25.5	27.7	22.3	0.0	76.0	19.9	0.0	63	1	0	15.5
2020-07-13 22:00	24.8	27.1	22.3	0.0	69.8	20.3	0.0	63	1	0	14.6
2020-07-13 22:30	24.1	26.6	22.3	0.0	71.4	19.7	0.0	63	3	0	14.4
2020-07-13 23:00	23.6	26.1	22.1	0.0	71.4	19.6	0.0	67	3	0	14.3
2020-07-13 23:30	23.1	25.6	21.9	0.0	75.4	18.9	0.0	70	1	0	14.5
2020-07-14 00:00	22.6	25.2	21.9	0.0	80.6	17.8	0.0	70	3	0	14.4
2020-07-14 00:30	22.1	24.7	21.9	0.0	75.8	18.7	0.0	70	3	0	14.3
2020-07-14 01:00	21.8	24.3	21.9	0.0	79.7	17.9	0.0	72	1	0	14.3
2020-07-14 01:30	21.4	24.0	21.9	0.0	90.7	15.7	0.0	72	0	0	14.2
2020-07-14 02:00	21.0	23.7	21.9	0.0	92.9	14.9	0.0	70	0	0	13.8
2020-07-14 02:30	20.7	23.3	21.6	0.0	94.1	15.0	0.0	72	0	0	14.1
2020-07-14 03:00	20.4	23.1	21.6	0.0	94.6	14.6	0.0	70	0	0	13.7
2020-07-14 03:30	20.1	22.7	21.5	0.0	94.3	14.6	0.0	70	0	0	13.7
2020-07-14 04:00	19.8	22.4	21.5	0.0	94.9	14.2	0.0	70	0	0	13.4
2020-07-14 04:30	19.7	22.2	21.5	0.0	95.1	14.4	0.0	72	0	0	13.6
2020-07-14 05:00	19.4	22.0	21.6	0.0	95.5	14.8	0.0	70	0	0	14.1
2020-07-14 05:30	19.3	21.8	21.5	0.0	95.4	14.0	0.0	206	0	0	13.3
2020-07-14 06:00	19.2	21.6	21.3	12.0	96.0	14.1	0.0	245	0	0	13.5
2020-07-14 06:30	19.4	21.5	21.2	81.0	91.5	16.2	0.0	245	0	0	14.8
2020-07-14 07:00	20.2	21.5	21.2	167.0	83.0	19.4	0.0	93	4	0	16.4
2020-07-14 07:30	21.2	21.8	21.2	173.0	80.2	20.4	0.0	80	6	0	16.9
2020-07-14 08:00	21.9	22.1	21.2	135.0	79.6	20.5	0.0	77	4	0	16.8
2020-07-14 08:30	22.8	22.4	21.2	198.0	76.9	21.3	0.0	76	3	0	17.1
2020-07-14 09:00	24.9	22.8	21.5	449.0	70.3	23.8	0.0	111	6	0	18.1
2020-07-14 09:30	28.4	24.0	21.7	589.0	65.1	25.5	0.0	142	8	1	18.5
2020-07-14 10:00	31.1	25.3	21.9	670.0	61.8	26.1	0.0	152	16	4	18.2
2020-07-14 10:30	33.0	26.6	22.1	735.0	60.0	26.2	0.0	149	14	8	17.8
2020-07-14 11:00	35.0	27.7	22.3	801.0	57.4	26.7	0.0	144	16	8	17.6
2020-07-14 11:30	36.7	28.9	22.3	850.0	56.5	27.0	0.0	165	16	8	17.6
2020-07-14 12:00	38.1	29.9	22.3	894.0	53.9	27.5	0.0	146	16	8	17.3
2020-07-14 12:30	39.4	31.0	22.1	928.0	54.7	27.7	0.0	124	17	6	17.8
2020-07-14 13:00	40.6	32.1	22.6	891.0	53.5	28.1	0.0	121	16	6	17.8
2020-07-14 13:30	41.2	32.8	22.6	938.0	53.4	28.4	0.0	120	16	6	18.0
2020-07-14 14:00	42.2	33.7	22.4	967.0	52.5	29.0	0.0	125	16	6	18.3
2020-07-14 14:30	42.3	34.4	22.6	747.0	51.7	28.9	0.0	141	17	6	18.0
2020-07-14 15:00	39.8	34.4	22.7	527.0	55.5	27.7	0.0	110	11	4	18.0
2020-07-14 15:30	38.8	34.1	22.7	573.0	56.1	27.7	0.0	105	17	6	18.2
2020-07-14 16:00	38.8	33.9	22.6	654.0	57.1	28.0	0.0	110	17	8	18.7
2020-07-14 16:30	39.2	34.1	22.4	620.0	56.7	28.3	0.0	105	19	8	18.9
2020-07-14 17:00	38.9	34.2	22.3	602.0	56.5	28.7	0.0	125	19	8	19.2
2020-07-14 17:30	38.0	34.2	22.6	382.0	56.9	27.8	0.0	115	19	8	18.5
2020-07-14 18:00	35.6	33.6	22.7	339.0	57.5	27.4	0.0	127	16	6	18.3
2020-07-14 18:30	35.5	33.2	22.7	336.0	58.6	27.8	0.0	117	16	8	18.9
2020-07-14 19:00	33.6	32.7	22.7	187.0	61.0	26.6	0.0	120	14	4	18.5
2020-07-14 19:30	31.7	32.0	22.6	87.0	63.1	25.8	0.0	129	12	4	18.2
2020-07-14 20:00	30.0	31.1	22.7	32.0	66.2	24.7	0.0	125	9	3	18.0
2020-07-14 20:30	28.6	30.2	22.0	6.0	68.6	23.9	0.0	131	8	1	17.8
2020-07-14 21:00	27.4	29.4	21.9	0.0	71.3	23.0	0.0	117	6	0	17.5
2020-07-14 21:30	26.7	28.7	21.9	0.0	73.7	22.2	0.0	122	3	0	17.3
2020-07-14 22:00	26.2	28.1	21.7	0.0	75.1	21.9	0.0	122	3	0	17.3
2020-07-14 22:30	25.7	27.6	21.6	0.0	72.1	22.6	0.0	103	6	0	17.3
2020-07-14 23:00	25.4	27.2	21.6	0.0	72.6	22.7	0.0	110	8	0	17.5
2020-07-14 23:30	24.9	26.8	21.6	0.0	75.5	22.1	0.0	105	4	0	17.6
2020-07-15 00:00	24.6	26.4	21.6	0.0	77.4	21.7	0.0	114	3	0	17.6
2020-07-15 00:30	24.4	26.2	21.6	0.0	77.8	21.7	0.0	94	4	0	17.7
2020-07-15 01:00	24.2	25.9	21.5	0.0	78.1	21.8	0.0	87	4	0	17.8
2020-07-15 01:30	23.9	25.6	21.5	0.0	77.8	21.8	0.0	96	8	0	17.8
2020-07-15 02:00	23.7	25.4	21.5	0.0	79.4	21.4	0.0	87	4	0	17.7
2020-07-15 02:30	23.6	25.2	21.3	0.0	80.1	21.4	0.0	91	4	0	17.8
2020-07-15 03:00	23.4	25.0	21.2	0.0	80.8	21.4	0.0	98	6	0	18.0
2020-07-15 03:30	23.2	24.8	21.2	0.0	81.6	21.3	0.0	112	6	1	18.0
2020-07-15 04:00	23.1	24.6	21.2	0.0	83.4	20.9	0.0	118	6	1	18.0
2020-07-15 04:30	23.1	24.5	21.2	0.0	81.7	21.3	0.0	124	6	1	18.0
2020-07-15 05:00	23.0	24.4	21.2	0.0	80.9	21.4	0.0	127	8	1	18.0
2020-07-15 05:30	22.8	24.2	21.2	0.0	83.2	20.8	0.0	112	6	0	17.8
2020-07-15 06:00	22.7	24.1	21.2	7.0	83.0	20.8	0.0	115	4	0	17.8
2020-07-15 06:30	22.8	24.0	21.2	36.0	82.7	20.9	0.0	129	4	0	17.8
2020-07-15 07:00	23.2	24.0	21.2	57.0	80.9	21.5	0.0	144	8	1	18.1
2020-07-15 07:30	23.7	24.1	21.2	98.0	79.8	21.9	0.0	125	8	1	18.3
2020-07-15 08:00	24.6	24.3	21.2	201.0	76.6	22.9	0.0	117	9	1	18.6
2020-07-15 08:30	26.4	24.7	21.4	361.0	71.2	24.6	0.0	118	9	4	19.0
2020-07-15 09:00	28.4	25.4	21.3	421.0	66.7	25.9	0.0	145	11	3	19.2
2020-07-15 09:30	30.2	26.2	21.5	474.0	65.9	26.7	0.0	153	12	4	19.8
2020-07-15 10:00	31.8	27.1	21.6	553.0	64.9	27.6	0.0	142	12	4	20.4
2020-07-15 10:30	34.0	28.1	21.7	624.0	63.0	28.1	0.0	142	14	6	20.4
2020-07-15 11:00	34.0	28.8	21.9	489.0	63.4	28.1	0.0	138	16	4	20.5
2020-07-15 11:30	34.4	29.3	21.9	463.0	63.2	28.2	0.0	141	11	4	20.5
2020-07-15 12:00	34.2	29.7	21.9	465.0	63.7	28.3	0.0	142	11	3	20.8
2020-07-15 12:30	35.0	30.1	21.8	468.0	64.8	28.3	0.0	136	11	3	21.0
2020-07-15 13:00	34.5	30.3	22.0	370.0	66.5	27.9	0.0	135	9	3	21.1
2020-07-15 13:30	34.0	30.4	22.0	337.0	67.6	27.8	0.0	131	11	3	21.3
2020-07-15 14:00	33.3	30.3	22.0	262.0	67.6	27.4	0.0	128	8	3	20.9
2020-07-15 14:30	32.4	30.2	22.0	210.0	69.3	27.2	0.0	107	6	0	21.1
2020-07-15 15:00	31.4	29.9	22.0	132.0	71.0	26.5	0.0	76	6	0	20.8
2020-07-15 15:30	30.2	29.5	22.2	80.0	74.1	25.9	0.0	110	8	0	20.9
2020-07-15 16:00	28.5	28.9	21.9	25.0	81.1	24.4	1.0	131	6	1	20.9
2020-07-15 16:30	27.4	28.2	21.4	24.0	86.6	23.6	1.0	107	1	0	21.2
2020-07-15 17:00	26.7	27.7	20.9	39.0	89.0	23.4	0.7	93	4	0	21.5
2020-07-15 17:30	26.3	27.2	21.4	31.0	89.7	23.4	0.2	73	6	0	21.6
2020-07-15 18:00	25.9	26.8	22.4	29.0	88.1	23.1	0.7	70	6	0	21.0
2020-07-15 18:30	25.3	26.5	30.9	9.0	91.9	21.8	1.0	177	3	0	20.4
2020-07-15 19:00	24.7	26.1	37.4	5.0	92.4	21.1	2.0	297	3	0	19.8
2020-07-15 19:30	23.8	25.4	38.2	3.0	92.2	19.8	4.0	317	4	0	18.5
2020-07-15 20:00	22.9	24.7	38.0	3.0	91.7	18.9	2.0	333	4	0	17.5
2020-07-15 20:30	22.3	24.2	37.8	23.0	92.1	18.4	1.5	326	8	1	17.1
2020-07-15 21:00	21.9	23.9	37.4	1.0	92.7	18.2	0.2	327	9	1	17.0
2020-07-15 21:30	21.6	23.7	37.0	0.0	92.2	18.0	0.0	324	14	4	16.7
2020-07-15 22:00	21.3	23.4	36.5	0.0	92.7	18.6	0.2	316	19	8	17.4
2020-07-15 22:30	21.2	23.2	36.8	0.0	92.5	18.3	0.0	324	16	6	17.1
2020-07-15 23:00	20.9	23.0	36.8	0.0	93.2	17.8	0.0	310	19	6	16.7
2020-07-15 23:30	20.7	22.7	36.5	0.0	93.7	17.7	0.5	330	16	4	16.7
2020-07-16 00:00	20.6	22.6	37.0	0.0	93.7	18.0	0.0	326	22	6	17.0
2020-07-16 00:30	20.6	22.4	37.0	0.0	93.8	18.2	0.2	324	16	4	17.2
2020-07-16 01:00	20.6	22.3	36.8	0.0	93.7	18.4	0.0	319	12	4	17.4
2020-07-16 01:30	20.6	22.2	36.4	0.0	93.2	18.6	0.0	268	14	4	17.5
2020-07-16 02:00	20.5	22.1	36.4	0.0	90.5	18.7	0.0	259	16	4	17.1
2020-07-16 02:30	20.4	22.1	36.3	0.0	91.0	18.7	0.0	288	12	4	17.2
2020-07-16 03:00	20.4	22.0	35.7	0.0	92.0	18.8	0.0	304	11	3	17.5
2020-07-16 03:30	20.3	21.9	35.4	0.0	93.8	18.4	0.0	320	8	0	17.4
2020-07-16 04:00	20.2	21.8	35.3	0.0	95.7	18.4	0.0	302	9	1	17.7
2020-07-16 04:30	20.4	21.7	35.3	0.0	94.8	18.9	0.0	299	11	3	18.0
2020-07-16 05:00	20.5	21.8	35.3	0.0	94.2	19.0	0.0	299	9	3	18.0
2020-07-16 05:30	20.5	21.7	35.3	0.0	94.1	19.0	0.0	296	12	3	18.0
2020-07-16 06:00	20.5	21.7	35.3	1.0	93.7	19.1	0.0	297	9	3	18.1
2020-07-16 06:30	20.6	21.7	35.3	21.0	94.0	19.1	0.0	296	8	3	18.1
2020-07-16 07:00	20.9	21.7	35.3	56.0	92.3	19.4	0.0	289	9	3	18.1
2020-07-16 07:30	21.4	21.8	35.3	174.0	89.2	20.5	0.0	295	12	3	18.7
2020-07-16 08:00	22.2	22.1	35.3	254.0	86.1	21.3	0.0	306	11	3	18.9
2020-07-16 08:30	23.6	22.4	35.3	361.0	83.8	22.1	0.0	293	12	4	19.2
2020-07-16 09:00	24.5	23.0	34.9	293.0	82.9	22.1	0.0	293	12	4	19.1
2020-07-16 09:30	24.7	23.4	34.7	243.0	83.6	22.1	0.0	285	9	3	19.2
2020-07-16 10:00	24.7	23.7	34.7	163.0	83.9	21.8	0.0	279	11	3	19.0
2020-07-16 10:30	24.2	23.7	34.4	172.0	82.9	22.0	0.0	299	8	3	19.0
2020-07-16 11:00	25.3	23.8	34.3	393.0	77.2	23.7	0.0	295	9	1	19.5
2020-07-16 11:30	27.2	24.5	34.3	483.0	72.9	24.7	0.0	330	6	1	19.5
2020-07-16 12:00	29.2	25.4	33.8	637.0	69.9	25.5	0.0	303	8	1	19.6
2020-07-16 12:30	30.3	26.3	33.8	628.0	69.3	25.6	0.0	289	6	1	19.6
2020-07-16 13:00	30.6	26.9	33.6	589.0	69.0	25.8	0.0	293	4	0	19.7
2020-07-16 13:30	31.6	27.5	33.4	798.0	62.0	27.0	0.0	302	4	0	19.1
2020-07-16 14:00	34.2	28.6	33.0	1017.0	60.6	27.9	0.0	255	6	1	19.6
2020-07-16 14:30	33.9	29.5	32.4	770.0	62.3	27.6	0.0	221	8	1	19.7
2020-07-16 15:00	34.7	29.9	31.7	839.0	60.3	27.9	0.0	155	11	3	19.5
2020-07-16 15:30	34.0	30.3	31.0	730.0	61.3	27.6	0.0	216	14	3	19.5
2020-07-16 16:00	34.0	30.4	30.2	701.0	60.3	27.9	0.0	225	11	1	19.5
2020-07-16 16:30	33.4	30.5	29.8	648.0	58.7	27.7	0.0	204	11	4	18.9
2020-07-16 17:00	32.5	30.3	29.4	595.0	55.7	27.9	0.0	224	9	1	18.2
2020-07-16 17:30	32.6	30.2	28.9	475.0	54.8	28.6	0.0	282	4	0	18.6
2020-07-16 18:00	31.9	30.0	28.5	357.0	57.8	27.9	0.0	327	4	0	18.8
2020-07-16 18:30	31.8	29.9	28.0	367.0	53.5	28.7	0.0	330	1	0	18.3
2020-07-16 19:00	30.8	29.8	27.8	206.0	58.8	27.8	0.0	214	3	0	19.0
2020-07-16 19:30	28.8	29.3	27.5	76.0	68.9	25.4	0.0	206	1	0	19.3
2020-07-16 20:00	27.4	28.5	26.9	63.0	71.5	24.6	0.0	206	3	0	19.1
2020-07-16 20:30	26.3	27.8	26.5	14.0	77.2	22.9	0.0	206	1	0	18.7
2020-07-16 21:00	25.2	27.1	26.3	0.0	81.6	21.4	0.0	206	1	0	18.1
2020-07-16 21:30	24.4	26.5	25.8	0.0	91.7	19.8	0.0	206	0	0	18.4
2020-07-16 22:00	23.7	25.9	25.7	0.0	92.2	19.1	0.0	206	1	0	17.8
2020-07-16 22:30	23.2	25.4	25.4	0.0	92.4	18.9	0.0	206	0	0	17.6
2020-07-16 23:00	22.7	25.0	25.4	0.0	93.0	18.9	0.0	206	0	0	17.7
2020-07-16 23:30	22.2	24.6	24.9	0.0	94.2	18.4	0.0	206	0	0	17.4
2020-07-17 00:00	21.8	24.2	24.9	0.0	95.4	18.4	0.0	206	0	0	17.7
2020-07-17 00:30	21.6	23.9	24.9	0.0	95.8	18.4	0.0	206	0	0	17.7
2020-07-17 01:00	21.2	23.6	24.7	0.0	96.2	17.9	0.0	206	0	0	17.3
2020-07-17 01:30	20.8	23.3	24.5	0.0	96.6	17.3	0.0	206	0	0	16.8
2020-07-17 02:00	20.4	22.9	24.4	0.0	97.0	16.7	0.0	206	0	0	16.2
2020-07-17 02:30	20.1	22.7	24.4	0.0	97.2	15.9	0.0	206	0	0	15.5
2020-07-17 03:00	19.9	22.4	24.3	0.0	97.5	15.9	0.0	206	0	0	15.5
2020-07-17 03:30	19.9	22.2	24.1	0.0	97.7	16.6	0.0	206	0	0	16.2
2020-07-17 04:00	19.7	22.0	24.2	0.0	97.7	15.7	0.0	206	0	0	15.3
2020-07-17 04:30	19.4	21.8	24.2	0.0	97.8	15.4	0.0	206	0	0	15.1
2020-07-17 05:00	19.3	21.6	24.2	0.0	97.9	15.3	0.0	206	0	0	15.0
2020-07-17 05:30	19.1	21.4	24.2	0.0	98.1	15.1	0.0	206	0	0	14.8
2020-07-17 06:00	19.0	21.2	24.1	10.0	98.1	15.0	0.0	206	0	0	14.7
2020-07-17 06:30	19.2	21.2	23.7	75.0	97.6	17.2	0.0	206	1	0	16.8
2020-07-17 07:00	19.8	21.2	23.7	149.0	92.4	20.0	0.0	203	3	0	18.7
2020-07-17 07:30	20.6	21.3	24.0	224.0	85.9	22.2	0.0	193	1	0	19.7
2020-07-17 08:00	22.2	21.7	24.2	308.0	82.5	23.4	0.0	160	6	1	20.2
2020-07-17 08:30	24.2	22.4	24.3	399.0	80.8	24.2	0.0	172	11	3	20.7
2020-07-17 09:00	26.4	23.2	24.4	491.0	78.8	24.8	0.0	172	11	4	20.9
2020-07-17 09:30	28.1	24.1	24.4	580.0	77.3	25.4	0.0	182	12	4	21.1
2020-07-17 10:00	30.0	25.1	24.3	650.0	73.4	26.7	0.0	159	14	3	21.5
2020-07-17 10:30	32.1	26.1	24.5	799.0	71.8	27.4	0.0	158	11	4	21.9
2020-07-17 11:00	33.9	27.3	24.5	610.0	72.4	26.9	0.0	187	12	3	21.5
2020-07-17 11:30	32.7	27.8	24.5	427.0	71.8	26.7	0.0	189	9	3	21.2
2020-07-17 12:00	34.7	28.2	24.4	761.0	65.6	28.4	0.0	177	11	3	21.3
2020-07-17 12:30	35.5	29.1	24.4	684.0	65.2	28.4	0.0	176	11	3	21.2
2020-07-17 13:00	38.8	30.1	24.2	1003.0	58.1	30.1	0.0	151	9	3	21.0
2020-07-17 13:30	40.3	31.6	24.3	869.0	57.4	30.2	0.0	170	11	3	20.9
2020-07-17 14:00	41.4	32.6	24.4	869.0	56.8	30.5	0.0	165	11	3	21.0
2020-07-17 14:30	41.9	33.5	24.4	898.0	57.3	30.6	0.0	141	12	3	21.2
2020-07-17 15:00	42.6	34.3	24.4	857.0	57.2	30.3	0.0	125	12	4	20.9
2020-07-17 15:30	42.7	34.9	24.4	808.0	56.6	30.9	0.0	135	12	3	21.3
2020-07-17 16:00	42.4	35.3	24.4	723.0	54.8	30.7	0.0	145	11	3	20.6
2020-07-17 16:30	41.1	35.5	24.5	481.0	56.1	29.7	0.0	149	11	4	20.0
2020-07-17 17:00	39.5	35.0	24.3	612.0	55.3	30.1	0.0	165	14	4	20.2
2020-07-17 17:30	38.9	34.8	24.2	408.0	55.5	29.7	0.0	149	12	4	19.8
2020-07-17 18:00	36.3	34.2	24.8	241.0	60.4	28.2	0.0	163	11	4	19.8
2020-07-17 18:30	35.2	33.3	24.4	305.0	60.4	28.7	0.0	152	12	4	20.3
2020-07-17 19:00	34.2	32.7	24.3	219.0	60.8	28.3	0.0	148	12	4	20.0
2020-07-17 19:30	32.2	32.1	24.2	53.0	68.0	26.7	0.0	134	11	3	20.3
2020-07-17 20:00	30.6	31.2	24.3	55.0	71.1	26.3	0.0	131	8	1	20.6
2020-07-17 20:30	29.4	30.3	23.7	12.0	76.0	24.9	0.0	120	6	0	20.4
2020-07-17 21:00	28.3	29.6	23.5	0.0	80.3	23.8	0.0	122	3	0	20.2
2020-07-17 21:30	27.4	28.9	23.1	0.0	83.2	22.9	0.0	124	0	0	19.9
2020-07-17 22:00	26.7	28.2	23.1	0.0	87.3	21.7	0.0	124	0	0	19.5
2020-07-17 22:30	26.1	27.7	23.1	0.0	91.1	21.2	0.0	124	0	0	19.7
2020-07-17 23:00	25.5	27.2	23.1	0.0	93.6	20.3	0.0	124	0	0	19.2
2020-07-17 23:30	25.1	26.8	23.0	0.0	94.3	20.2	0.0	124	0	0	19.3
2020-07-18 00:00	24.7	26.4	22.7	0.0	95.1	20.1	0.0	124	0	0	19.3
2020-07-18 00:30	24.4	26.1	22.7	0.0	93.0	20.9	0.0	124	0	0	19.7
2020-07-18 01:00	24.2	25.8	22.7	0.0	90.7	21.7	0.0	115	3	0	20.1
2020-07-18 01:30	24.1	25.6	22.7	0.0	87.7	22.7	0.0	96	4	0	20.6
2020-07-18 02:00	24.1	25.4	22.7	0.0	88.3	22.8	0.0	108	8	0	20.8
2020-07-18 02:30	24.3	25.3	22.8	0.0	89.0	23.2	0.0	108	9	3	21.3
2020-07-18 03:00	24.2	25.2	22.7	0.0	89.5	23.4	0.0	121	11	3	21.6
2020-07-18 03:30	24.3	25.2	22.7	0.0	89.0	23.7	0.0	124	11	4	21.8
2020-07-18 04:00	24.2	25.1	22.7	0.0	89.5	23.7	0.0	127	11	3	21.9
2020-07-18 04:30	24.0	25.0	22.6	0.0	91.1	23.3	0.0	128	8	1	21.8
2020-07-18 05:00	23.9	24.9	22.4	0.0	92.0	23.3	0.0	128	12	3	21.9
2020-07-18 05:30	23.8	24.8	22.4	0.0	93.2	23.1	0.0	128	9	3	21.9
2020-07-18 06:00	23.7	24.7	22.4	5.0	93.9	23.1	0.0	135	9	3	22.1
2020-07-18 06:30	23.7	24.6	22.4	32.0	93.3	23.1	0.0	135	8	1	22.0
2020-07-18 07:00	23.8	24.6	22.4	91.0	90.8	23.6	0.0	138	12	3	22.0
2020-07-18 07:30	24.1	24.6	22.4	137.0	88.2	24.0	0.0	134	11	4	21.9
2020-07-18 08:00	24.9	24.6	22.4	217.0	84.9	24.7	0.0	139	14	4	22.0
2020-07-18 08:30	26.4	24.9	22.7	307.0	81.3	25.7	0.0	135	12	4	22.3
2020-07-18 09:00	28.5	25.4	22.7	433.0	78.2	26.7	0.0	144	14	4	22.6
2020-07-18 09:30	31.1	26.3	22.7	565.0	75.5	27.7	0.0	146	14	6	23.0
2020-07-18 10:00	33.4	27.4	22.7	642.0	74.4	28.6	0.0	131	14	6	23.6
2020-07-18 10:30	35.5	28.6	22.8	712.0	72.9	29.3	0.0	141	14	6	23.9
2020-07-18 11:00	37.5	29.7	22.7	795.0	71.1	30.1	0.0	159	17	8	24.3
2020-07-18 11:30	39.3	30.9	22.7	852.0	69.1	30.7	0.0	159	22	8	24.4
2020-07-18 12:00	40.1	32.0	22.8	747.0	69.0	30.7	0.0	159	19	9	24.4
2020-07-18 12:30	40.0	32.7	22.8	710.0	69.6	31.0	0.0	145	14	8	24.8
2020-07-18 13:00	40.4	33.2	23.0	591.0	70.8	30.9	0.0	132	14	6	25.0
2020-07-18 13:30	38.0	33.3	23.6	320.0	74.8	29.7	0.0	122	12	4	24.7
2020-07-18 14:00	35.7	32.7	23.6	143.0	76.7	28.9	0.0	129	12	4	24.4
2020-07-18 14:30	34.0	31.9	23.6	224.0	76.5	29.2	0.0	138	16	4	24.6
2020-07-18 15:00	36.0	31.7	23.1	574.0	72.1	31.0	0.0	132	19	8	25.4
2020-07-18 15:30	37.7	32.4	22.9	583.0	71.7	31.2	0.0	124	19	8	25.5
2020-07-18 16:00	37.5	32.9	23.1	309.0	74.1	30.3	0.0	129	19	9	25.2
2020-07-18 16:30	35.7	32.7	23.6	277.0	75.8	30.1	0.0	131	19	9	25.4
2020-07-18 17:00	35.4	32.5	23.6	235.0	76.7	29.9	0.0	127	20	9	25.4
2020-07-18 17:30	33.2	32.1	23.5	98.0	81.7	28.8	0.0	132	12	6	25.4
2020-07-18 18:00	32.4	31.4	23.3	129.0	80.2	29.2	0.0	132	14	6	25.4
2020-07-18 18:30	32.4	31.1	23.3	200.0	79.4	29.6	0.0	132	16	6	25.7
2020-07-18 19:00	32.7	31.1	23.3	168.0	77.8	30.1	0.0	138	19	8	25.8
2020-07-18 19:30	31.6	30.8	23.3	84.0	79.2	29.4	0.0	134	20	6	25.4
2020-07-18 20:00	30.6	30.4	23.3	37.0	80.1	29.1	0.0	141	16	6	25.3
2020-07-18 20:30	29.8	29.9	23.3	4.0	80.5	28.7	0.0	144	17	6	25.0
2020-07-18 21:00	29.2	29.5	23.0	0.0	81.5	28.4	0.0	149	17	6	24.9
2020-07-18 21:30	28.7	29.2	22.9	0.0	82.3	28.1	0.0	138	16	6	24.8
2020-07-18 22:00	28.3	28.8	22.9	0.0	82.4	27.9	0.0	141	17	8	24.6
2020-07-18 22:30	28.1	28.5	22.8	0.0	83.1	27.7	0.0	145	16	6	24.6
2020-07-18 23:00	27.8	28.3	22.8	0.0	83.6	27.4	0.0	148	19	8	24.4
2020-07-18 23:30	27.3	28.0	22.8	0.0	82.0	27.3	0.0	145	24	8	24.0
2020-07-19 00:00	26.9	27.7	22.7	0.0	81.9	26.9	0.0	145	22	8	23.5
2020-07-19 00:30	26.7	27.4	22.4	0.0	82.4	26.6	0.0	148	19	8	23.4
2020-07-19 01:00	26.4	27.2	22.4	0.0	83.5	26.3	0.0	145	16	8	23.3
2020-07-19 01:30	26.2	27.0	22.4	0.0	84.5	25.9	0.0	144	14	6	23.1
2020-07-19 02:00	26.0	26.8	22.4	0.0	84.6	25.7	0.0	145	17	6	22.9
2020-07-19 02:30	25.8	26.7	22.4	0.0	84.7	25.4	0.0	144	14	6	22.6
2020-07-19 03:00	25.8	26.5	22.4	0.0	84.2	25.4	0.0	151	14	4	22.5
2020-07-19 03:30	25.6	26.4	22.4	0.0	83.4	25.4	0.0	153	12	4	22.4
2020-07-19 04:00	25.4	26.2	22.4	0.0	82.1	25.6	0.0	153	14	6	22.3
2020-07-19 04:30	25.3	26.1	22.4	0.0	80.3	25.9	0.0	156	19	9	22.2
2020-07-19 05:00	25.3	26.0	22.3	0.0	79.5	26.0	0.0	168	17	8	22.2
2020-07-19 05:30	25.3	25.9	22.3	0.0	80.3	25.8	0.0	177	17	8	22.1
2020-07-19 06:00	25.0	25.8	21.8	0.0	88.2	24.4	1.2	180	22	9	22.3
2020-07-19 06:30	24.8	25.6	22.1	6.0	89.5	24.2	0.2	170	20	8	22.4
2020-07-19 07:00	24.9	25.6	22.7	38.0	90.6	24.2	0.0	160	12	4	22.6
2020-07-19 07:30	25.2	25.6	23.1	38.0	91.1	24.3	0.5	165	9	3	22.8
2020-07-19 08:00	25.2	25.6	24.3	50.0	91.7	24.1	0.2	170	14	6	22.7
2020-07-19 08:30	25.4	25.6	26.3	73.0	90.2	24.4	0.0	173	16	8	22.7
2020-07-19 09:00	25.4	25.6	27.2	39.0	90.3	24.4	0.0	153	19	9	22.7
2020-07-19 09:30	25.1	25.6	27.7	8.0	90.9	24.0	0.0	158	25	9	22.4
2020-07-19 10:00	24.6	25.4	27.7	15.0	90.0	23.3	0.0	180	22	9	21.6
2020-07-19 10:30	24.5	25.2	28.0	49.0	87.5	23.7	0.0	176	17	8	21.5
2020-07-19 11:00	24.6	25.1	28.1	30.0	89.5	23.7	0.0	182	20	9	21.9
2020-07-19 11:30	24.2	24.9	30.1	6.0	91.8	22.7	5.8	166	27	12	21.3
2020-07-19 12:00	23.4	24.6	37.5	14.0	94.1	21.1	0.2	170	22	9	20.1
2020-07-19 12:30	23.3	24.4	37.0	13.0	95.0	21.4	0.0	210	11	3	20.6
2020-07-19 13:00	23.4	24.3	36.5	29.0	95.2	21.5	0.0	132	4	0	20.7
2020-07-19 13:30	23.8	24.3	36.6	89.0	95.1	21.8	0.0	103	11	1	21.0
2020-07-19 14:00	24.4	24.4	36.4	171.0	94.3	22.3	0.0	168	16	6	21.3
2020-07-19 14:30	25.4	24.7	36.4	278.0	92.7	22.9	0.0	186	12	4	21.7
2020-07-19 15:00	26.6	25.2	36.5	392.0	88.5	24.1	0.0	204	14	6	22.1
2020-07-19 15:30	27.9	25.8	37.0	477.0	83.5	25.3	0.0	199	12	6	22.3
2020-07-19 16:00	29.2	26.4	35.7	693.0	76.4	26.2	0.0	204	17	9	21.7
2020-07-19 16:30	29.9	27.2	35.0	644.0	72.1	26.5	0.0	208	19	9	21.1
2020-07-19 17:00	30.0	27.6	34.3	635.0	69.1	27.0	0.0	220	16	9	20.8
2020-07-19 17:30	29.8	27.8	33.8	531.0	62.7	27.3	0.0	227	17	9	19.6
2020-07-19 18:00	29.0	27.8	33.6	420.0	61.6	27.3	0.0	220	16	8	19.3
2020-07-19 18:30	28.1	27.6	33.1	309.0	63.4	26.9	0.0	216	16	6	19.4
2020-07-19 19:00	26.9	27.2	32.6	187.0	65.3	26.3	0.0	214	12	4	19.3
2020-07-19 19:30	25.7	26.7	31.9	133.0	64.4	25.7	0.0	228	11	3	18.5
2020-07-19 20:00	24.5	26.1	31.7	75.0	69.2	24.4	0.0	217	4	0	18.4
2020-07-19 20:30	23.7	25.5	31.1	11.0	75.9	22.4	0.0	213	4	0	17.9
2020-07-19 21:00	22.8	25.0	31.1	0.0	80.0	21.0	0.0	217	3	0	17.4
2020-07-19 21:30	22.2	24.4	31.0	0.0	82.7	20.4	0.0	223	4	0	17.4
2020-07-19 22:00	21.8	24.0	30.6	0.0	82.2	20.1	0.0	227	3	0	17.0
2020-07-19 22:30	21.3	23.6	30.6	0.0	83.0	19.4	0.0	230	3	0	16.4
2020-07-19 23:00	21.0	23.3	30.7	0.0	83.7	18.9	0.0	231	0	0	16.1
2020-07-19 23:30	20.8	22.9	30.6	0.0	83.9	18.7	0.0	231	3	0	15.9
2020-07-20 00:00	20.7	22.7	30.6	0.0	79.2	19.7	0.0	235	6	0	16.0
2020-07-20 00:30	20.6	22.6	30.4	0.0	78.7	19.7	0.0	216	4	0	15.9
2020-07-20 01:00	20.3	22.3	30.1	0.0	79.8	19.3	0.0	192	4	1	15.7
2020-07-20 01:30	19.9	22.1	30.2	0.0	80.5	19.1	0.0	203	6	1	15.7
2020-07-20 02:00	19.7	21.8	30.2	0.0	82.0	18.8	0.0	217	6	1	15.7
2020-07-20 02:30	19.5	21.7	30.2	0.0	82.2	18.8	0.0	217	8	1	15.7
2020-07-20 03:00	19.4	21.4	30.2	0.0	84.9	18.1	0.0	211	3	0	15.5
2020-07-20 03:30	19.3	21.3	30.1	0.0	87.1	17.7	0.0	211	3	0	15.5
2020-07-20 04:00	19.2	21.2	30.1	0.0	89.7	17.1	0.0	211	1	0	15.4
2020-07-20 04:30	18.9	21.0	30.1	0.0	92.1	16.4	0.0	211	1	0	15.1
2020-07-20 05:00	18.8	20.9	30.1	0.0	90.5	16.9	0.0	112	3	0	15.3
2020-07-20 05:30	18.8	20.7	30.1	0.0	92.1	16.6	0.0	97	0	0	15.3
2020-07-20 06:00	18.9	20.7	30.0	8.0	93.9	16.4	0.0	98	0	0	15.4
2020-07-20 06:30	18.9	20.6	30.0	36.0	94.3	16.3	0.0	255	0	0	15.4
2020-07-20 07:00	19.1	20.6	29.8	134.0	87.3	18.9	0.0	258	3	0	16.7
2020-07-20 07:30	19.7	20.7	29.7	210.0	81.6	20.7	0.0	235	4	0	17.4
2020-07-20 08:00	21.0	20.9	29.8	243.0	78.8	21.6	0.0	251	6	0	17.8
2020-07-20 08:30	23.1	21.3	30.0	418.0	72.5	23.4	0.0	265	8	1	18.2
2020-07-20 09:00	25.3	22.1	30.2	426.0	68.5	24.7	0.0	254	4	0	18.5
2020-07-20 09:30	27.0	22.9	30.6	569.0	63.8	25.8	0.0	258	6	1	18.4
2020-07-20 10:00	28.9	23.9	30.4	661.0	59.0	27.0	0.0	283	6	1	18.3
2020-07-20 10:30	30.6	25.0	29.7	742.0	56.2	27.6	0.0	258	9	0	18.1
2020-07-20 11:00	31.8	26.1	29.4	793.0	53.5	28.0	0.0	238	8	1	17.7
2020-07-20 11:30	32.4	26.9	29.1	819.0	55.2	28.2	0.0	228	14	3	18.4
2020-07-20 12:00	32.7	27.6	28.8	839.0	55.9	28.0	0.0	218	12	4	18.4
2020-07-20 12:30	33.4	28.2	28.4	925.0	53.5	29.2	0.0	254	9	3	18.8
2020-07-20 13:00	33.2	28.7	28.1	673.0	56.3	28.6	0.0	220	11	1	19.0
2020-07-20 13:30	31.6	28.6	27.8	400.0	59.7	26.8	0.0	220	11	3	18.3
2020-07-20 14:00	32.2	28.2	27.3	693.0	58.5	27.8	0.0	225	11	3	18.9
2020-07-20 14:30	34.2	28.7	27.1	646.0	59.1	28.1	0.0	200	9	3	19.4
2020-07-20 15:00	34.5	29.3	26.9	634.0	58.4	28.3	0.0	217	11	3	19.4
2020-07-20 15:30	35.6	29.8	26.6	734.0	56.5	28.8	0.0	252	9	3	19.3
2020-07-20 16:00	36.1	30.4	26.5	558.0	57.4	28.2	0.0	252	12	3	19.0
2020-07-20 16:30	34.8	30.7	26.7	528.0	56.6	28.0	0.0	242	11	3	18.6
2020-07-20 17:00	35.6	30.8	26.5	561.0	53.5	28.4	0.0	237	11	4	18.0
2020-07-20 17:30	33.6	30.8	26.4	209.0	58.6	26.5	0.0	245	8	3	17.7
2020-07-20 18:00	31.1	30.1	26.3	94.0	64.0	25.2	0.0	221	6	0	17.9
2020-07-20 18:30	29.4	29.2	25.8	45.0	67.9	24.4	0.0	208	4	0	18.1
2020-07-20 19:00	28.2	28.4	25.4	23.0	72.3	23.6	0.0	223	3	0	18.3
2020-07-20 19:30	27.3	27.7	24.9	21.0	74.2	23.3	0.0	225	1	0	18.4
2020-07-20 20:00	26.9	27.2	24.7	20.0	80.7	23.1	0.0	225	1	0	19.6
2020-07-20 20:30	26.2	26.8	24.4	2.0	82.1	22.3	0.0	276	1	0	19.1
2020-07-20 21:00	25.6	26.4	24.2	0.0	81.3	22.1	0.0	328	0	0	18.7
2020-07-20 21:30	25.2	26.1	24.1	0.0	86.9	21.3	0.0	328	0	0	19.0
2020-07-20 22:00	24.8	25.7	24.1	0.0	88.5	21.0	0.0	328	0	0	19.0
2020-07-20 22:30	24.5	25.4	23.6	0.0	87.2	20.9	0.0	328	0	0	18.7
2020-07-20 23:00	24.2	25.2	23.6	0.0	81.5	21.4	0.0	330	3	0	18.1
2020-07-20 23:30	23.9	24.9	23.6	0.0	81.4	21.6	0.0	331	1	0	18.3
2020-07-21 00:00	23.7	24.8	23.6	0.0	84.7	21.6	0.0	351	3	0	18.9
2020-07-21 00:30	23.6	24.6	23.4	0.0	86.4	21.3	0.0	336	1	0	18.9
2020-07-21 01:00	23.4	24.4	23.1	0.0	86.4	21.0	0.0	336	3	0	18.6
2020-07-21 01:30	23.2	24.3	23.1	0.0	87.3	20.8	0.0	336	1	0	18.6
2020-07-21 02:00	23.1	24.2	23.1	0.0	86.7	20.8	0.0	336	3	0	18.5
2020-07-21 02:30	22.9	24.0	23.3	0.0	87.2	20.7	0.0	350	4	0	18.5
2020-07-21 03:00	22.8	23.9	23.3	0.0	86.8	20.8	0.0	358	3	0	18.5
2020-07-21 03:30	22.6	23.7	23.1	0.0	87.3	20.7	0.0	355	4	0	18.5
2020-07-21 04:00	22.4	23.6	22.9	0.0	86.7	20.7	0.0	249	6	0	18.4
2020-07-21 04:30	22.3	23.5	22.8	0.0	86.1	20.6	0.0	251	6	0	18.2
2020-07-21 05:00	22.1	23.4	22.8	0.0	86.1	20.4	0.0	9	6	0	18.0
2020-07-21 05:30	22.0	23.2	22.8	0.0	85.3	20.3	0.0	4	3	0	17.7
2020-07-21 06:00	21.9	23.1	22.8	5.0	84.9	20.2	0.0	11	3	0	17.6
2020-07-21 06:30	21.9	23.1	22.8	29.0	84.0	20.3	0.0	12	1	0	17.5
2020-07-21 07:00	22.2	23.1	22.8	45.0	83.1	20.6	0.0	12	0	0	17.6
2020-07-21 07:30	22.7	23.1	22.8	103.0	80.7	21.3	0.0	108	3	0	17.8
2020-07-21 08:00	23.3	23.3	22.8	139.0	78.3	21.8	0.0	79	4	0	17.9
2020-07-21 08:30	24.8	23.6	22.9	345.0	70.5	23.4	0.0	50	11	1	17.7
2020-07-21 09:00	26.4	24.1	23.0	371.0	66.2	23.8	0.0	45	11	3	17.1
2020-07-21 09:30	27.6	24.7	23.1	406.0	64.4	23.8	0.0	48	14	4	16.7
2020-07-21 10:00	29.4	25.4	23.3	527.0	63.4	24.6	0.0	42	12	4	17.2
2020-07-21 10:30	29.6	26.2	23.4	297.0	66.0	24.3	0.0	33	9	1	17.5
2020-07-21 11:00	29.3	26.5	23.5	335.0	66.8	24.7	0.0	43	8	1	18.1
2020-07-21 11:30	29.4	26.8	23.4	336.0	65.9	24.8	0.0	57	9	3	18.0
2020-07-21 12:00	29.5	27.0	23.4	287.0	67.1	25.0	0.0	36	6	0	18.5
2020-07-21 12:30	28.9	27.2	23.6	165.0	69.0	24.9	0.0	26	3	0	18.8
2020-07-21 13:00	27.8	26.9	23.4	165.0	78.7	23.3	0.0	125	14	4	19.4
2020-07-21 13:30	27.2	26.7	23.0	230.0	81.8	22.5	0.0	80	9	1	19.2
2020-07-21 14:00	28.8	26.7	23.4	538.0	77.4	23.9	0.0	64	11	3	19.7
2020-07-21 14:30	32.1	27.7	23.3	650.0	72.6	25.1	0.0	69	11	3	19.8
2020-07-21 15:00	33.3	28.8	23.5	678.0	69.7	25.8	0.0	88	12	3	19.8
2020-07-21 15:30	36.3	30.1	22.8	828.0	67.3	26.5	0.0	73	12	3	19.9
2020-07-21 16:00	35.7	31.3	23.6	360.0	69.2	25.7	0.0	60	9	1	19.6
2020-07-21 16:30	32.8	31.1	23.8	147.0	72.8	25.0	0.0	105	6	0	19.8
2020-07-21 17:00	30.7	30.3	24.0	85.0	74.9	24.7	0.0	125	6	0	19.9
2020-07-21 17:30	29.2	29.4	23.6	66.0	75.5	24.2	0.0	138	6	0	19.6
2020-07-21 18:00	28.1	28.7	23.4	61.0	80.6	23.7	0.0	131	3	0	20.2
2020-07-21 18:30	27.4	28.1	22.9	67.0	85.2	23.4	0.2	52	1	0	20.8
2020-07-21 19:00	26.8	27.6	22.8	30.0	88.5	22.8	0.2	57	3	0	20.8
2020-07-21 19:30	26.0	27.1	22.8	16.0	86.8	22.7	0.0	77	6	0	20.4
2020-07-21 20:00	25.4	26.7	22.6	4.0	89.4	22.4	0.5	66	4	0	20.6
2020-07-21 20:30	25.1	26.3	22.2	1.0	92.3	22.2	0.2	69	4	0	20.9
2020-07-21 21:00	24.7	25.9	22.2	0.0	93.6	22.1	0.0	146	9	0	21.0
2020-07-21 21:30	24.4	25.7	22.7	0.0	94.8	21.9	0.0	230	3	0	21.0
2020-07-21 22:00	24.2	25.4	22.8	0.0	95.1	22.1	0.2	131	4	0	21.3
2020-07-21 22:30	23.9	25.2	23.3	0.0	95.5	21.6	0.0	152	0	0	20.8
2020-07-21 23:00	23.8	24.9	23.4	0.0	96.1	21.4	0.0	152	0	0	20.8
2020-07-21 23:30	23.7	24.8	23.7	0.0	96.6	21.8	0.0	152	3	0	21.2
2020-07-22 00:00	23.7	24.7	23.7	0.0	96.7	21.9	0.0	152	1	0	21.4
2020-07-22 00:30	23.6	24.6	24.1	0.0	96.7	21.9	0.0	159	4	0	21.4
2020-07-22 01:00	23.1	24.4	24.2	0.0	96.1	21.7	0.0	173	4	0	21.1
2020-07-22 01:30	22.7	24.2	24.2	0.0	96.2	21.5	0.0	159	6	0	20.9
2020-07-22 02:00	22.5	23.9	24.2	0.0	96.2	21.3	0.0	152	6	0	20.7
2020-07-22 02:30	22.3	23.7	24.4	0.0	96.2	21.2	0.0	152	8	0	20.6
2020-07-22 03:00	22.2	23.6	24.5	0.0	96.1	20.9	0.0	175	4	0	20.3
2020-07-22 03:30	22.2	23.4	24.5	0.0	95.9	20.9	0.0	176	8	1	20.2
2020-07-22 04:00	22.1	23.3	24.5	0.0	95.9	20.8	0.0	173	8	0	20.1
2020-07-22 04:30	22.3	23.3	24.7	0.0	95.9	20.9	0.0	170	6	1	20.2
2020-07-22 05:00	22.3	23.3	24.9	0.0	95.8	20.9	0.0	168	6	1	20.2
2020-07-22 05:30	22.3	23.2	25.0	0.0	95.8	20.8	0.0	176	9	1	20.1
2020-07-22 06:00	22.3	23.2	25.0	2.0	96.0	20.8	0.0	186	12	3	20.1
2020-07-22 06:30	22.4	23.2	25.0	11.0	96.0	20.8	0.0	208	9	3	20.1
2020-07-22 07:00	22.6	23.2	25.0	51.0	95.3	21.1	0.0	210	9	3	20.3
2020-07-22 07:30	23.1	23.3	25.4	95.0	93.7	21.5	0.0	211	9	3	20.4
2020-07-22 08:00	23.8	23.4	25.7	141.0	92.0	22.1	0.0	200	8	3	20.7
2020-07-22 08:30	24.9	23.7	25.9	271.0	88.3	23.1	0.0	213	9	3	21.1
2020-07-22 09:00	25.7	24.1	26.0	257.0	87.3	23.4	0.0	206	8	3	21.2
2020-07-22 09:30	26.4	24.6	26.2	309.0	85.6	23.7	0.0	190	9	3	21.1
2020-07-22 10:00	27.4	25.1	26.2	402.0	82.8	24.7	0.0	182	9	3	21.6
2020-07-22 10:30	29.8	25.8	26.0	675.0	79.7	25.7	0.0	180	9	4	21.9
2020-07-22 11:00	31.1	26.8	26.3	509.0	77.3	26.0	0.0	180	9	3	21.7
2020-07-22 11:30	29.7	27.1	26.3	427.0	77.6	25.7	0.0	180	9	3	21.5
2020-07-22 12:00	29.6	27.2	26.2	350.0	76.5	25.8	0.0	193	11	4	21.4
2020-07-22 12:30	29.3	27.2	25.8	339.0	76.1	26.0	0.0	203	14	4	21.5
2020-07-22 13:00	29.1	27.2	25.7	447.0	77.2	26.1	0.0	223	11	3	21.8
2020-07-22 13:30	32.1	27.6	25.5	913.0	69.0	28.0	0.0	204	12	4	21.8
2020-07-22 14:00	33.7	28.8	25.4	846.0	65.7	28.7	0.0	204	12	4	21.6
2020-07-22 14:30	32.8	29.4	25.5	553.0	70.1	27.7	0.0	210	11	4	21.8
2020-07-22 15:00	34.9	29.7	24.9	851.0	63.5	29.1	0.0	216	16	6	21.5
2020-07-22 15:30	35.7	30.4	24.8	686.0	61.4	28.8	0.0	230	12	6	20.6
2020-07-22 16:00	36.2	31.0	24.8	652.0	59.9	28.8	0.0	227	14	8	20.2
2020-07-22 16:30	35.9	31.3	24.5	603.0	58.7	28.8	0.0	225	17	6	19.9
2020-07-22 17:00	35.8	31.5	24.3	573.0	57.3	28.7	0.0	220	14	6	19.4
2020-07-22 17:30	34.4	31.6	24.4	309.0	61.4	27.7	0.0	238	14	4	19.6
2020-07-22 18:00	33.1	31.1	24.3	321.0	60.7	27.7	0.0	235	12	3	19.4
2020-07-22 18:30	31.8	30.6	24.2	272.0	60.0	27.3	0.0	249	11	3	18.9
2020-07-22 19:00	31.2	30.2	23.8	250.0	59.9	27.2	0.0	242	9	3	18.7
2020-07-22 19:30	29.5	29.7	23.8	143.0	61.9	26.1	0.0	245	8	1	18.2
2020-07-22 20:00	27.6	28.8	23.3	68.0	65.5	24.8	0.0	254	6	0	17.9
2020-07-22 20:30	26.3	27.9	23.1	9.0	74.4	22.6	0.0	242	3	0	17.8
2020-07-22 21:00	25.3	27.1	22.8	0.0	80.7	21.1	0.0	249	1	0	17.7
2020-07-22 21:30	24.5	26.5	22.7	0.0	82.3	20.5	0.0	255	1	0	17.4
2020-07-22 22:00	23.8	25.9	22.4	0.0	82.7	20.2	0.0	255	1	0	17.2
2020-07-22 22:30	23.2	25.4	22.4	0.0	88.4	18.8	0.0	255	0	0	16.8
2020-07-22 23:00	22.7	24.9	22.4	0.0	85.1	19.0	0.0	262	6	0	16.4
2020-07-22 23:30	22.3	24.5	22.2	0.0	86.1	18.9	0.0	280	3	0	16.5
2020-07-23 00:00	21.9	24.1	22.0	0.0	89.4	18.1	0.0	297	1	0	16.3
2020-07-23 00:30	21.4	23.8	22.0	0.0	91.9	17.6	0.0	313	3	0	16.3
2020-07-23 01:00	21.1	23.4	22.0	0.0	88.5	18.0	0.0	314	4	0	16.1
2020-07-23 01:30	20.7	23.1	22.0	0.0	91.0	16.9	0.0	319	1	0	15.4
2020-07-23 02:00	20.4	22.8	21.9	0.0	92.8	16.2	0.0	319	0	0	15.0
2020-07-23 02:30	20.1	22.5	21.7	0.0	93.0	15.7	0.0	319	0	0	14.6
2020-07-23 03:00	19.8	22.2	21.6	0.0	92.3	15.5	0.0	319	0	0	14.3
2020-07-23 03:30	19.5	21.9	21.6	0.0	92.5	15.3	0.0	319	0	0	14.1
2020-07-23 04:00	19.3	21.7	21.6	0.0	92.2	15.4	0.0	319	0	0	14.1
2020-07-23 04:30	19.1	21.6	21.6	0.0	93.8	14.8	0.0	319	0	0	13.8
2020-07-23 05:00	18.8	21.3	21.6	0.0	94.8	14.3	0.0	319	0	0	13.5
2020-07-23 05:30	18.5	21.1	21.4	0.0	95.4	13.9	0.0	319	0	0	13.2
2020-07-23 06:00	18.3	20.8	21.2	6.0	95.5	14.2	0.0	319	1	0	13.5
2020-07-23 06:30	18.3	20.7	21.2	55.0	92.3	15.4	0.0	319	1	0	14.2
2020-07-23 07:00	18.4	20.6	21.2	147.0	85.9	17.4	0.0	310	4	0	15.0
2020-07-23 07:30	18.8	20.6	21.2	225.0	81.9	18.4	0.0	299	8	0	15.3
2020-07-23 08:00	19.3	20.6	21.3	307.0	78.1	19.6	0.0	295	6	0	15.7
2020-07-23 08:30	21.4	20.7	21.3	399.0	74.4	20.4	0.0	286	8	1	15.7
2020-07-23 09:00	24.3	21.3	21.3	490.0	70.8	21.6	0.0	283	6	1	16.1
2020-07-23 09:30	26.7	22.2	21.9	578.0	69.1	21.9	0.0	268	11	3	16.0
2020-07-23 10:00	28.9	23.2	21.9	631.0	67.1	22.4	0.0	269	12	3	16.0
2020-07-23 10:30	30.9	24.3	22.1	743.0	64.9	23.3	0.0	272	8	3	16.3
2020-07-23 11:00	33.5	25.6	22.2	881.0	62.6	24.1	0.0	271	8	1	16.5
2020-07-23 11:30	34.6	26.9	22.4	736.0	63.0	23.9	0.0	272	14	3	16.4
2020-07-23 12:00	35.2	27.9	22.7	738.0	60.8	24.7	0.0	296	8	1	16.6
2020-07-23 12:30	36.2	28.7	22.7	702.0	59.3	25.2	0.0	295	8	1	16.7
2020-07-23 13:00	35.9	29.4	22.7	758.0	58.8	25.2	0.0	275	9	1	16.6
2020-07-23 13:30	38.3	30.3	22.6	794.0	56.1	26.4	0.0	300	8	1	16.9
2020-07-23 14:00	38.3	31.1	22.7	736.0	56.4	26.3	0.0	273	8	0	16.9
