TMPL
                    	Temperature (*C)	Temperature (*C)	Soil Moist-VWC (%VWC)	Solar Rad (wat/m2)	RH (%)	Temperature (*C)	Rainfall (mm)	Wind Dir (Deg)	Wind Gust (km/h)	Wind Speed (km/h)	Dew Point (*C)
                    	*C	*C	%VWC	wat/m2	%	*C	mm	Deg	km/h	km/h	*C
Date and Time   	TMPA	TMPB	VWCC	SRD	HMD	TMP	RNF	WND	WNG	WNS	DEW
2019-05-01 00:00	74.4	75.0	131.1	0.0	87.3	74.9	0.0	299	12	7	
2019-05-01 00:15	74.2	74.9	131.1	0.0	87.7	74.7	0.0	299	14	7	
2019-05-01 00:30	74.1	74.8	131.1	0.0	87.4	74.7	0.0	299	14	7	
2019-05-01 00:45	73.9	74.6	131.2	0.0	87.6	74.4	0.0	300	11	6	
2019-05-01 01:00	73.9	74.6	131.2	0.0	87.6	74.5	0.0	302	15	6	
2019-05-01 01:15	73.8	74.5	131.2	0.0	86.9	74.9	0.0	300	11	6	
2019-05-01 01:30	73.8	74.4	131.2	0.0	87.2	74.8	0.0	302	11	6	
2019-05-01 01:45	73.8	74.3	131.2	0.0	87.2	74.9	0.0	303	10	5	
2019-05-01 02:00	73.8	74.3	131.2	0.0	87.1	74.8	0.0	297	10	4	
2019-05-01 02:15	73.8	74.3	131.2	0.0	87.0	74.9	0.0	300	9	4	
2019-05-01 02:30	73.8	74.2	131.2	0.0	87.2	74.8	0.0	302	8	3	
2019-05-01 02:45	73.7	74.2	131.2	0.0	87.3	75.0	0.0	302	9	3	
2019-05-01 03:00	73.7	74.2	131.2	0.0	88.0	74.7	0.0	293	6	2	
2019-05-01 03:15	73.7	74.1	131.2	0.0	87.7	74.8	0.0	290	7	2	
2019-05-01 03:30	73.6	74.1	131.2	0.0	88.3	74.7	0.0	295	5	1	
2019-05-01 03:45	73.6	74.1	131.2	0.0	89.0	74.6	0.0	264	5	1	
2019-05-01 04:00	73.6	74.0	131.2	0.0	89.6	74.3	0.0	276	4	1	
2019-05-01 04:15	73.6	74.0	131.2	0.0	89.1	74.4	0.0	279	8	3	
2019-05-01 04:30	73.5	73.9	131.2	0.0	89.4	74.2	0.0	280	6	3	
2019-05-01 04:45	73.5	73.9	131.2	0.0	89.2	74.2	0.0	275	8	3	
2019-05-01 05:00	73.4	73.9	131.2	0.0	89.9	74.0	0.0	283	6	3	
2019-05-01 05:15	73.4	73.9	131.2	0.0	89.4	74.1	0.0	290	8	4	
2019-05-01 05:30	73.3	73.8	131.2	0.0	89.3	74.0	0.0	290	6	2	
2019-05-01 05:45	73.2	73.7	131.2	0.0	90.2	73.8	0.0	282	5	2	
2019-05-01 06:00	73.2	73.7	131.2	0.0	90.3	73.7	0.0	283	9	3	
2019-05-01 06:15	73.1	73.7	131.2	0.0	90.7	73.5	0.0	282	7	3	
2019-05-01 06:30	73.0	73.6	131.1	0.0	92.5	72.9	0.0	283	6	2	
2019-05-01 06:45	72.9	73.6	131.0	0.0	93.8	72.4	0.0	282	6	1	
2019-05-01 07:00	72.9	73.5	131.1	1.0	94.4	72.4	0.0	285	4	1	
2019-05-01 07:15	72.8	73.4	131.0	4.0	94.4	72.4	0.0	280	5	2	
2019-05-01 07:30	72.8	73.4	131.0	11.0	94.9	72.3	0.0	275	7	2	
2019-05-01 07:45	72.8	73.3	131.0	18.0	95.0	72.4	0.0	279	6	2	
2019-05-01 08:00	72.8	73.3	131.0	27.0	95.2	72.3	0.0	278	5	2	
2019-05-01 08:15	72.9	73.3	131.1	31.0	95.3	72.3	0.0	272	6	1	
2019-05-01 08:30	72.9	73.3	131.1	39.0	95.0	72.5	0.0	275	7	2	
2019-05-01 08:45	73.0	73.3	131.1	60.0	94.3	72.7	0.0	276	6	2	
2019-05-01 09:00	73.1	73.4	131.1	65.0	93.8	73.2	0.0	276	5	1	
2019-05-01 09:15	73.3	73.4	131.1	72.0	92.3	73.4	0.0	285	7	3	
2019-05-01 09:30	73.5	73.5	131.0	96.0	91.5	73.9	0.0	290	7	3	
2019-05-01 09:45	73.7	73.6	131.1	100.0	90.8	74.1	0.0	280	8	3	
2019-05-01 10:00	73.9	73.7	131.1	101.0	90.6	74.3	0.0	285	6	2	
2019-05-01 10:15	74.1	73.8	131.1	124.0	89.7	74.7	0.0	283	8	3	
2019-05-01 10:30	74.4	73.9	131.1	147.0	88.4	75.5	0.0	289	8	3	
2019-05-01 10:45	74.7	74.1	131.1	166.0	87.2	75.9	0.0	283	8	4	
2019-05-01 11:00	75.1	74.3	131.1	176.0	86.0	76.0	0.0	282	9	5	
2019-05-01 11:15	75.3	74.5	131.0	180.0	85.3	76.2	0.0	290	7	4	
2019-05-01 11:30	75.8	74.6	131.0	260.0	83.4	77.0	0.0	285	9	4	
2019-05-01 11:45	76.5	74.9	131.0	328.0	81.7	77.9	0.0	279	9	4	
2019-05-01 12:00	77.4	75.3	131.0	371.0	80.5	78.5	0.0	279	11	5	
2019-05-01 12:15	77.8	75.7	131.0	224.0	81.1	77.3	0.0	282	14	6	
2019-05-01 12:30	78.0	76.1	131.0	276.0	80.8	78.0	0.0	286	10	4	
2019-05-01 12:45	78.4	76.3	131.0	272.0	78.9	78.3	0.0	286	10	4	
2019-05-01 13:00	78.7	76.6	131.0	422.0	78.6	79.2	0.0	290	8	4	
2019-05-01 13:15	79.8	77.0	131.0	430.0	76.6	80.5	0.0	289	10	4	
2019-05-01 13:30	80.9	77.5	131.1	539.0	72.9	81.3	0.0	297	12	7	
2019-05-01 13:45	81.9	78.1	131.1	504.0	72.6	81.6	0.0	288	10	5	
2019-05-01 14:00	82.8	78.8	130.9	448.0	72.6	81.4	0.0	276	10	5	
2019-05-01 14:15	83.6	79.4	131.0	614.0	71.1	82.7	0.0	272	12	6	
2019-05-01 14:30	84.3	80.0	131.0	523.0	70.4	82.4	0.0	279	13	6	
2019-05-01 14:45	84.6	80.5	131.0	364.0	71.3	81.4	0.0	276	15	6	
2019-05-01 15:00	84.2	80.8	131.1	286.0	72.6	80.7	0.0	271	12	6	
2019-05-01 15:15	83.8	81.0	131.1	322.0	72.7	81.0	0.0	275	12	6	
2019-05-01 15:30	83.4	81.0	131.0	190.0	73.4	80.1	0.0	290	10	6	
2019-05-01 15:45	82.8	80.9	131.0	229.0	74.6	79.8	0.0	288	16	6	
2019-05-01 16:00	82.9	80.8	131.1	432.0	72.2	81.1	0.0	278	11	7	
2019-05-01 16:15	83.2	80.8	131.0	183.0	74.2	79.4	0.0	299	15	6	
2019-05-01 16:30	82.6	80.9	131.0	226.0	77.2	78.9	0.0	286	12	4	
2019-05-01 16:45	82.7	80.8	131.1	458.0	73.3	80.8	0.0	283	12	6	
2019-05-01 17:00	83.9	80.9	131.0	389.0	71.9	81.9	0.0	276	16	6	
2019-05-01 17:15	84.2	81.3	131.1	295.0	75.2	80.0	0.0	285	12	7	
2019-05-01 17:30	83.7	81.5	131.1	276.0	76.3	79.5	0.0	279	12	5	
2019-05-01 17:45	83.7	81.5	131.1	324.0	74.1	81.5	0.0	286	11	5	
2019-05-01 18:00	83.5	81.6	131.1	315.0	73.7	81.2	0.0	283	11	6	
2019-05-01 18:15	83.5	81.6	131.1	331.0	72.2	82.3	0.0	278	15	6	
2019-05-01 18:30	83.2	81.6	131.1	250.0	71.4	81.9	0.0	282	16	5	
2019-05-01 18:45	82.6	81.5	131.2	192.0	72.9	80.9	0.0	280	13	6	
2019-05-01 19:00	81.8	81.4	131.2	93.0	75.0	79.4	0.0	290	12	6	
2019-05-01 19:15	80.8	81.0	131.2	40.0	77.2	78.3	0.0	283	12	6	
2019-05-01 19:30	80.1	80.5	131.2	46.0	78.2	78.3	0.0	286	10	4	
2019-05-01 19:45	79.5	80.1	131.2	20.0	80.1	77.7	0.0	272	6	3	
2019-05-01 20:00	79.0	79.7	131.2	3.0	80.8	76.8	0.0	268	8	3	
2019-05-01 20:15	78.5	79.3	131.2	0.0	80.7	76.6	0.0	276	11	3	
2019-05-01 20:30	77.9	78.9	131.2	0.0	83.1	75.9	0.0	283	5	2	
2019-05-01 20:45	77.6	78.6	131.2	0.0	83.7	75.9	0.0	272	6	2	
2019-05-01 21:00	77.2	78.3	131.2	0.0	84.5	75.5	0.0	280	6	2	
2019-05-01 21:15	76.9	78.0	131.2	0.0	85.5	75.3	0.0	283	5	2	
2019-05-01 21:30	76.6	77.7	131.2	0.0	85.4	75.5	0.0	278	9	3	
2019-05-01 21:45	76.3	77.4	131.2	0.0	86.6	75.1	0.0	282	6	2	
2019-05-01 22:00	76.1	77.2	131.3	0.0	87.6	74.8	0.0	283	5	1	
2019-05-01 22:15	75.9	77.0	131.2	0.0	89.1	74.3	0.0	266	5	2	
2019-05-01 22:30	75.6	76.7	131.2	0.0	89.9	74.1	0.0	265	7	3	
2019-05-01 22:45	75.3	76.5	131.3	0.0	90.3	74.1	0.0	264	7	2	
2019-05-01 23:00	75.2	76.3	131.3	0.0	90.0	74.4	0.0	259	8	4	
2019-05-01 23:15	75.1	76.1	131.3	0.0	90.7	74.1	0.0	266	7	3	
2019-05-01 23:30	75.0	76.0	131.3	0.0	91.2	74.1	0.0	279	7	3	
2019-05-01 23:45	74.9	75.8	131.4	0.0	91.5	74.0	0.0	278	8	3	
2019-05-02 00:00	74.7	75.7	131.3	0.0	92.1	73.8	0.0	275	6	2	
2019-05-02 00:15	74.6	75.6	131.3	0.0	92.7	73.6	0.0	276	9	3	
2019-05-02 00:30	74.5	75.4	131.4	0.0	92.9	73.7	0.0	288	7	3	
2019-05-02 00:45	74.5	75.3	131.3	0.0	93.1	73.6	0.0	288	7	3	
2019-05-02 01:00	74.4	75.3	131.4	0.0	93.6	73.5	0.0	279	7	2	
2019-05-02 01:15	74.4	75.2	131.4	0.0	93.7	73.6	0.0	288	7	3	
2019-05-02 01:30	74.3	75.1	131.4	0.0	93.8	73.5	0.0	293	9	3	
2019-05-02 01:45	74.2	75.0	131.4	0.0	94.5	73.3	0.0	304	8	2	
2019-05-02 02:00	74.2	74.9	131.4	0.0	94.5	73.4	0.0	303	4	1	
2019-05-02 02:15	74.1	74.9	131.4	0.0	94.5	73.4	0.0	310	4	0	
2019-05-02 02:30	74.1	74.8	131.4	0.0	94.7	73.3	0.0	192	3	0	
2019-05-02 02:45	73.9	74.7	131.4	0.0	90.0	70.4	0.0	127	28	10	
2019-05-02 03:00	73.0	74.6	131.4	0.0	86.0	64.6	0.0	146	21	13	61.3
2019-05-02 03:15	71.7	74.1	130.8	0.0	94.0	62.1	1.4	146	20	12	60.8
2019-05-02 03:30	69.6	73.2	129.7	0.0	96.5	61.5	0.1	168	16	7	60.7
2019-05-02 03:45	69.2	72.4	129.7	0.0	96.7	61.4	0.1	166	14	7	60.7
2019-05-02 04:00	68.7	71.9	129.7	0.0	96.7	61.5	0.3	170	13	6	60.8
2019-05-02 04:15	68.0	70.9	129.5	0.0	96.9	61.4	1.0	172	13	6	60.7
2019-05-02 04:30	67.5	70.5	129.7	0.0	96.6	61.5	0.0	179	13	6	60.8
2019-05-02 04:45	67.4	70.2	129.7	0.0	96.5	61.5	0.0	194	9	4	60.7
2019-05-02 05:00	67.2	69.9	129.7	0.0	95.8	61.6	0.0	218	8	4	60.7
2019-05-02 05:15	67.0	69.7	129.7	0.0	95.7	61.5	0.0	259	6	3	60.6
2019-05-02 05:30	66.8	69.5	129.8	0.0	96.2	61.5	0.0	256	8	4	60.7
2019-05-02 05:45	66.6	69.3	129.9	0.0	95.5	61.5	0.0	238	6	3	60.5
2019-05-02 06:00	66.4	69.1	129.9	0.0	96.2	61.2	0.0	248	4	1	60.4
2019-05-02 06:15	66.3	68.9	129.9	0.0	96.9	60.8	0.0	290	3	0	60.1
2019-05-02 06:30	66.1	68.8	129.9	0.0	97.5	60.4	0.0	299	2	0	59.9
2019-05-02 06:45	66.0	68.6	129.9	0.0	97.9	60.3	0.0	275	2	0	59.8
2019-05-02 07:00	65.8	68.5	129.9	7.0	97.4	60.7	0.0	268	8	2	60.1
2019-05-02 07:15	65.7	68.4	129.9	23.0	97.2	60.9	0.0	280	4	1	60.3
2019-05-02 07:30	65.7	68.2	129.9	41.0	97.2	61.1	0.0	278	5	2	60.5
2019-05-02 07:45	65.8	68.2	130.0	60.0	97.0	61.5	0.0	285	5	2	60.8
2019-05-02 08:00	66.0	68.2	130.0	77.0	96.4	61.8	0.0	293	6	2	61.0
2019-05-02 08:15	66.3	68.2	130.1	140.0	95.5	62.6	0.0	292	8	3	61.6
2019-05-02 08:30	67.0	68.2	130.0	221.0	93.1	64.0	0.0	293	9	4	62.4
2019-05-02 08:45	67.8	68.5	130.0	257.0	91.1	64.8	0.0	288	8	3	62.8
2019-05-02 09:00	68.4	68.7	130.0	137.0	91.6	64.2	0.0	251	7	2	62.3
2019-05-02 09:15	68.8	69.0	130.0	282.0	89.1	65.6	0.0	230	6	3	
2019-05-02 09:30	69.6	69.3	130.0	371.0	86.1	66.8	0.0	225	9	4	
2019-05-02 09:45	70.7	69.7	130.0	413.0	84.9	67.6	0.0	228	12	4	
2019-05-02 10:00	71.7	70.2	130.1	526.0	82.9	68.8	0.0	227	8	4	
2019-05-02 10:15	73.2	70.9	130.2	580.0	80.7	70.1	0.0	227	9	4	
2019-05-02 10:30	74.3	71.6	130.3	409.0	80.0	70.3	0.0	213	7	3	
2019-05-02 10:45	74.6	72.2	130.6	347.0	80.8	69.9	0.0	206	9	3	
2019-05-02 11:00	74.5	72.7	130.6	262.0	82.0	69.7	0.0	180	9	4	
2019-05-02 11:15	73.9	72.9	130.5	84.0	86.4	68.0	0.0	151	11	6	
2019-05-02 11:30	72.8	72.8	130.5	129.0	87.4	67.0	0.0	148	12	7	
2019-05-02 11:45	72.1	72.5	130.6	102.0	88.0	66.3	0.0	146	15	7	
2019-05-02 12:00	71.5	72.2	130.5	96.0	87.6	66.1	0.0	159	13	7	
2019-05-02 12:15	71.0	72.0	130.5	137.0	87.2	66.3	0.0	153	12	5	
2019-05-02 12:30	70.8	71.7	130.5	108.0	87.5	66.0	0.0	162	11	6	
2019-05-02 12:45	70.6	71.5	130.5	255.0	85.7	66.5	0.0	159	13	6	
2019-05-02 13:00	71.2	71.5	130.6	325.0	83.9	67.4	0.0	166	11	6	
2019-05-02 13:15	71.7	71.6	130.6	373.0	82.4	68.0	0.0	175	13	7	
2019-05-02 13:30	72.3	71.8	130.7	418.0	81.0	69.0	0.0	177	13	6	
2019-05-02 13:45	73.0	72.1	130.6	500.0	79.5	70.0	0.0	184	11	6	
2019-05-02 14:00	74.1	72.5	130.7	442.0	78.8	71.0	0.0	183	14	6	
2019-05-02 14:15	74.4	73.0	130.7	382.0	79.6	70.6	0.0	193	12	5	
2019-05-02 14:30	74.9	73.3	130.7	432.0	78.1	72.4	0.0	189	9	4	
2019-05-02 14:45	75.4	73.7	130.7	266.0	79.8	71.9	0.0	206	10	4	
2019-05-02 15:00	75.3	74.0	130.7	250.0	80.6	71.7	0.0	186	7	3	
2019-05-02 15:15	75.2	74.2	130.7	256.0	81.0	72.0	0.0	192	7	3	
2019-05-02 15:30	75.1	74.3	130.6	172.0	81.9	72.0	0.0	182	6	2	
2019-05-02 15:45	74.7	74.3	130.6	69.0	83.9	71.2	0.0	168	5	2	
2019-05-02 16:00	74.0	74.2	130.6	3.0	86.9	70.3	0.0	90	16	5	
2019-05-02 16:15	72.9	73.9	130.3	0.0	89.9	63.1	2.5	88	27	17	60.8
2019-05-02 16:30	70.3	72.7	129.9	0.0	97.8	60.5	5.4	115	28	18	60.0
2019-05-02 16:45	68.9	71.7	129.7	3.0	97.2	60.3	0.9	129	24	16	59.7
2019-05-02 17:00	68.1	71.0	129.7	6.0	96.0	60.6	0.3	127	24	14	59.7
2019-05-02 17:15	67.5	70.4	129.7	8.0	94.1	61.2	0.0	127	20	12	59.9
2019-05-02 17:30	67.1	69.9	129.7	6.0	94.3	61.4	0.3	81	15	9	60.1
2019-05-02 17:45	66.9	69.5	129.8	4.0	96.7	61.0	0.2	70	16	9	60.3
2019-05-02 18:00	66.8	69.3	129.8	6.0	95.3	61.4	0.2	101	18	11	60.4
2019-05-02 18:15	66.5	69.0	129.7	8.0	93.4	61.9	0.1	142	19	9	60.4
2019-05-02 18:30	66.3	68.7	129.7	13.0	93.9	62.0	0.4	180	10	4	60.6
2019-05-02 18:45	66.2	68.6	129.7	12.0	94.1	62.0	0.5	175	11	5	60.7
2019-05-02 19:00	66.2	68.4	129.7	20.0	94.4	62.1	0.1	169	10	4	60.9
2019-05-02 19:15	66.2	68.3	129.7	30.0	94.3	62.6	0.1	166	9	4	61.3
2019-05-02 19:30	66.3	68.3	129.8	16.0	94.1	62.5	0.0	265	6	1	61.2
2019-05-02 19:45	66.3	68.2	129.7	4.0	94.6	62.5	0.1	232	5	2	61.3
2019-05-02 20:00	66.2	68.1	129.7	1.0	95.3	62.5	0.2	194	8	4	61.5
2019-05-02 20:15	66.0	68.1	129.7	0.0	94.5	62.6	0.0	200	10	4	61.4
2019-05-02 20:30	65.8	67.9	129.7	0.0	94.3	62.6	0.0	221	8	3	61.3
2019-05-02 20:45	65.6	67.7	129.7	0.0	94.9	62.4	0.0	231	7	3	61.3
2019-05-02 21:00	65.4	67.6	129.8	0.0	95.9	62.1	0.0	231	5	2	61.2
2019-05-02 21:15	65.4	67.4	129.7	0.0	95.8	62.3	0.0	220	5	2	61.4
2019-05-02 21:30	65.4	67.3	129.7	0.0	95.9	62.4	0.0	258	6	2	61.5
2019-05-02 21:45	65.3	67.2	129.7	0.0	97.2	62.3	0.0	310	6	3	61.7
2019-05-02 22:00	65.3	67.1	129.7	0.0	97.5	62.1	0.0	262	4	1	61.6
2019-05-02 22:15	65.3	67.1	129.8	0.0	98.0	61.9	0.0	104	2	0	61.5
2019-05-02 22:30	65.4	67.1	129.7	0.0	98.6	61.9	0.0	297	5	1	61.6
2019-05-02 22:45	65.4	67.0	129.7	0.0	98.7	62.0	0.0	296	6	2	61.7
2019-05-02 23:00	65.4	67.0	129.7	0.0	98.6	62.2	0.0	283	4	1	61.9
2019-05-02 23:15	65.4	67.0	129.7	0.0	97.9	62.6	0.0	289	5	2	62.1
2019-05-02 23:30	65.4	67.0	129.7	0.0	96.9	63.0	0.0	276	4	0	62.3
2019-05-02 23:45	65.4	66.9	129.7	0.0	96.8	63.3	0.1	235	7	3	62.6
2019-05-03 00:00	65.4	66.9	129.7	0.0	97.5	63.2	0.0	242	6	2	62.6
2019-05-03 00:15	65.4	66.9	129.8	0.0	97.7	63.4	0.1	317	5	2	62.9
2019-05-03 00:30	65.5	66.9	129.7	0.0	97.8	63.4	0.0	230	2	0	62.9
2019-05-03 00:45	65.5	66.8	129.7	0.0	98.2	63.2	0.2	235	5	1	62.8
2019-05-03 01:00	65.6	66.8	129.7	0.0	98.8	63.1	0.0	141	3	0	62.8
2019-05-03 01:15	65.6	66.8	129.7	0.0	98.6	63.3	0.1	121	3	0	63.0
2019-05-03 01:30	65.6	66.9	129.7	0.0	98.2	63.4	0.2	69	4	1	63.0
2019-05-03 01:45	65.7	66.9	129.7	0.0	99.2	63.2	2.0	35	2	0	63.0
2019-05-03 02:00	65.8	67.0	129.7	0.0	99.6	63.1	0.1	299	2	0	63.0
2019-05-03 02:15	65.9	67.1	129.7	0.0	99.6	63.2	0.4	317	4	1	63.1
2019-05-03 02:30	66.0	67.2	129.7	0.0	99.1	63.4	1.3	317	4	1	63.2
2019-05-03 02:45	66.1	67.3	129.7	0.0	99.2	63.4	1.5	297	2	0	63.2
2019-05-03 03:00	66.4	67.5	129.7	0.0	99.1	64.1	1.0	306	2	0	63.9
2019-05-03 03:15	66.4	67.5	129.6	0.0	99.0	63.7	0.7	264	2	0	63.5
2019-05-03 03:30	66.5	67.6	129.7	0.0	99.1	63.8	0.5	241	2	0	63.6
2019-05-03 03:45	66.6	67.6	129.7	0.0	99.1	63.9	0.5	190	2	0	63.7
2019-05-03 04:00	66.7	67.7	129.7	0.0	98.8	64.2	0.8	192	4	1	63.9
2019-05-03 04:15	66.7	67.7	129.7	0.0	98.2	64.5	0.6	146	3	0	64.1
2019-05-03 04:30	66.7	67.7	129.7	0.0	97.9	64.0	0.8	142	4	0	63.5
2019-05-03 04:45	66.7	67.7	129.7	0.0	98.2	63.5	2.7	158	4	1	63.1
2019-05-03 05:00	66.6	67.7	129.7	0.0	97.8	62.5	0.6	149	4	1	62.0
2019-05-03 05:15	66.4	67.7	129.7	0.0	98.2	62.3	2.0	162	8	1	61.9
2019-05-03 05:30	66.2	67.6	129.7	0.0	97.4	61.8	1.7	128	9	5	61.2
2019-05-03 05:45	66.0	67.5	129.7	0.0	97.2	61.1	2.7	128	10	4	60.5
2019-05-03 06:00	65.9	67.4	129.7	0.0	98.4	61.5	5.8	118	10	5	61.2
2019-05-03 06:15	65.6	67.2	129.7	0.0	99.2	62.6	4.3	148	8	4	62.4
2019-05-03 06:30	65.5	67.1	129.7	0.0	99.5	61.8	3.8	97	7	2	61.7
2019-05-03 06:45	65.5	67.0	129.7	0.0	99.8	61.4	1.3	90	5	2	61.4
2019-05-03 07:00	65.4	67.0	129.7	0.0	99.4	61.4	0.9	155	10	5	61.3
2019-05-03 07:15	65.4	67.0	129.7	11.0	98.4	61.4	0.2	172	9	4	61.1
2019-05-03 07:30	65.4	66.9	129.7	24.0	97.5	61.4	0.0	165	9	4	60.9
2019-05-03 07:45	65.4	66.9	129.7	30.0	96.5	61.6	0.0	179	12	6	60.8
2019-05-03 08:00	65.5	66.9	129.7	33.0	95.2	62.0	0.0	192	12	4	60.9
2019-05-03 08:15	65.5	66.9	129.7	46.0	94.1	62.7	0.0	218	11	4	61.4
2019-05-03 08:30	65.6	66.9	129.7	66.0	93.9	63.1	0.0	223	7	4	61.7
2019-05-03 08:45	65.6	66.9	129.7	75.0	94.1	63.4	0.0	232	8	4	62.1
2019-05-03 09:00	65.9	66.9	129.7	136.0	94.3	63.9	0.0	234	9	4	62.6
2019-05-03 09:15	66.3	67.0	129.6	190.0	93.0	64.9	0.0	235	7	3	63.3
2019-05-03 09:30	66.8	67.1	129.7	163.0	91.9	65.0	0.0	237	9	5	
2019-05-03 09:45	67.1	67.3	129.7	92.0	92.9	64.6	0.0	227	9	4	63.0
2019-05-03 10:00	67.2	67.5	129.7	86.0	93.9	64.5	0.0	218	6	3	63.1
2019-05-03 10:15	67.2	67.6	129.7	186.0	94.3	64.9	0.0	221	8	3	63.6
2019-05-03 10:30	68.3	67.7	129.7	663.0	91.5	68.0	0.0	221	7	4	
2019-05-03 10:45	70.7	68.3	129.7	657.0	89.4	69.6	0.0	232	9	5	
2019-05-03 11:00	73.0	69.1	129.7	751.0	87.1	71.5	0.0	235	12	6	
2019-05-03 11:15	75.0	70.2	129.7	671.0	87.5	71.6	0.0	238	11	6	
2019-05-03 11:30	76.3	71.2	129.7	664.0	86.1	72.3	0.0	231	11	6	
2019-05-03 11:45	77.3	72.0	129.7	878.0	85.1	73.5	0.0	255	12	7	
2019-05-03 12:00	78.8	72.8	129.7	775.0	84.5	74.1	0.0	254	14	7	
2019-05-03 12:15	79.5	73.6	129.7	646.0	83.8	74.6	0.0	262	12	6	
2019-05-03 12:30	79.5	74.2	129.7	408.0	84.2	73.8	0.0	265	12	6	
2019-05-03 12:45	79.0	74.5	129.7	778.0	81.9	75.0	0.0	264	11	6	
2019-05-03 13:00	79.8	74.9	129.7	601.0	79.5	75.3	0.0	272	9	5	
2019-05-03 13:15	80.1	75.4	129.7	484.0	78.0	75.5	0.0	268	10	4	
2019-05-03 13:30	79.6	75.7	129.7	245.0	81.3	74.2	0.0	254	7	3	
2019-05-03 13:45	79.1	75.8	129.7	671.0	78.9	76.0	0.0	268	8	3	
2019-05-03 14:00	80.0	75.8	129.7	484.0	79.0	76.1	0.0	254	8	4	
2019-05-03 14:15	79.7	76.2	129.7	175.0	82.9	74.1	0.0	251	8	3	
2019-05-03 14:30	78.5	76.3	129.7	92.0	84.3	73.5	0.0	268	6	2	
2019-05-03 14:45	77.4	75.8	129.6	155.0	84.0	73.5	0.0	264	7	3	
2019-05-03 15:00	77.0	75.5	129.7	321.0	80.8	75.0	0.0	279	6	2	
2019-05-03 15:15	77.7	75.4	129.6	648.0	78.4	76.8	0.0	278	8	3	
2019-05-03 15:30	78.8	75.6	129.6	374.0	80.6	75.7	0.0	261	9	4	
2019-05-03 15:45	79.2	76.0	129.6	525.0	79.5	76.5	0.0	272	9	5	
2019-05-03 16:00	79.5	76.3	129.6	371.0	79.7	76.0	0.0	286	9	5	
2019-05-03 16:15	79.3	76.6	129.6	414.0	81.0	75.9	0.0	268	9	5	
2019-05-03 16:30	79.5	76.7	129.6	564.0	78.6	77.3	0.0	279	10	5	
2019-05-03 16:45	80.2	76.9	129.6	646.0	78.3	77.4	0.0	248	10	5	
2019-05-03 17:00	80.8	77.3	129.6	501.0	78.0	77.3	0.0	249	8	5	
2019-05-03 17:15	80.6	77.7	129.6	266.0	81.0	75.7	0.0	240	8	4	
2019-05-03 17:30	79.7	77.8	129.6	191.0	83.1	75.1	0.0	235	9	4	
2019-05-03 17:45	78.7	77.5	129.6	171.0	83.5	74.9	0.0	231	7	4	
2019-05-03 18:00	77.8	77.2	129.6	61.0	85.3	74.2	0.0	218	7	3	
2019-05-03 18:15	76.9	76.8	129.5	33.0	86.2	73.8	0.0	225	5	2	
2019-05-03 18:30	76.0	76.5	129.5	7.0	87.5	73.3	0.0	228	5	3	
2019-05-03 18:45	75.3	76.0	129.6	3.0	88.8	72.9	0.0	232	6	2	
2019-05-03 19:00	74.7	75.5	129.5	1.0	89.2	72.7	0.0	218	5	2	
2019-05-03 19:15	74.1	75.1	129.5	0.0	91.0	72.3	0.2	225	4	2	
2019-05-03 19:30	73.7	74.7	129.5	0.0	93.8	71.6	0.1	268	4	1	
2019-05-03 19:45	73.5	74.5	129.5	0.0	95.3	71.2	0.1	254	3	1	
2019-05-03 20:00	73.2	74.2	129.5	0.0	96.2	71.0	0.2	247	4	1	
2019-05-03 20:15	73.0	73.9	129.5	0.0	95.8	70.6	0.3	278	5	1	
2019-05-03 20:30	72.8	73.7	129.5	0.0	96.7	70.2	0.6	285	5	2	
2019-05-03 20:45	72.6	73.5	129.5	0.0	97.5	69.8	0.5	216	4	0	
2019-05-03 21:00	72.5	73.4	129.5	0.0	95.3	65.1	1.0	72	14	8	
2019-05-03 21:15	72.1	73.2	129.5	0.0	97.9	63.1	0.9	72	12	6	62.6
2019-05-03 21:30	71.6	73.0	129.5	0.0	96.6	64.6	0.4	131	10	5	63.8
2019-05-03 21:45	71.3	72.8	129.5	0.0	96.5	65.5	0.7	217	9	2	
2019-05-03 22:00	71.0	72.5	129.6	0.0	92.9	65.5	0.4	278	7	4	
2019-05-03 22:15	70.8	72.2	129.6	0.0	91.9	64.2	0.5	293	7	2	62.3
2019-05-03 22:30	70.5	72.0	129.6	0.0	91.2	64.1	0.4	254	7	3	62.1
2019-05-03 22:45	70.3	71.8	129.6	0.0	95.3	64.5	0.7	256	10	6	63.4
2019-05-03 23:00	70.0	71.6	129.6	0.0	93.4	64.2	0.3	259	12	7	62.7
2019-05-03 23:15	69.8	71.4	129.5	0.0	92.8	63.5	0.3	244	22	14	61.9
2019-05-03 23:30	69.5	71.1	129.5	0.0	90.0	63.8	0.0	242	18	11	61.5
2019-05-03 23:45	69.3	71.0	129.5	0.0	84.7	64.7	0.0	254	20	13	61.1
2019-05-04 00:00	69.0	70.8	129.5	0.0	83.1	65.2	0.0	249	19	11	
2019-05-04 00:15	68.7	70.7	129.5	0.0	85.6	64.3	0.0	214	12	3	60.9
2019-05-04 00:30	68.5	70.5	129.5	0.0	86.7	64.1	0.0	210	4	0	61.0
2019-05-04 00:45	68.3	70.3	129.5	0.0	89.9	63.2	0.0	129	2	0	60.9
2019-05-04 01:00	68.1	70.2	129.5	0.0	91.2	62.9	0.0	42	7	2	60.9
2019-05-04 01:15	68.0	70.1	129.5	0.0	91.8	62.8	0.0	83	9	4	60.9
2019-05-04 01:30	67.7	69.9	129.5	0.0	93.4	62.8	0.0	91	8	4	61.3
2019-05-04 01:45	67.5	69.8	129.5	0.0	94.3	62.8	0.0	87	8	5	61.5
2019-05-04 02:00	67.3	69.7	129.5	0.0	93.9	62.9	0.0	80	10	5	61.5
2019-05-04 02:15	67.1	69.5	129.5	0.0	93.9	63.0	0.0	84	13	7	61.6
2019-05-04 02:30	66.9	69.4	129.5	0.0	93.9	63.2	0.0	84	14	8	61.8
2019-05-04 02:45	66.6	69.2	129.5	0.0	93.4	63.5	0.0	83	15	8	62.0
2019-05-04 03:00	66.4	69.0	129.5	0.0	93.0	63.6	0.0	77	14	7	62.0
2019-05-04 03:15	66.2	68.9	129.5	0.0	93.2	63.3	0.0	80	12	7	61.8
2019-05-04 03:30	66.1	68.7	129.5	0.0	92.9	62.9	0.0	87	11	6	61.3
2019-05-04 03:45	65.9	68.6	129.5	0.0	92.0	62.3	0.0	87	10	6	60.5
2019-05-04 04:00	65.6	68.5	129.5	0.0	92.7	61.8	0.0	100	10	5	60.2
2019-05-04 04:15	65.4	68.3	129.5	0.0	93.1	61.4	0.0	98	8	3	59.9
2019-05-04 04:30	65.2	68.2	129.5	0.0	93.9	60.7	0.0	72	3	0	59.3
2019-05-04 04:45	65.0	68.0	129.5	0.0	94.5	60.3	0.0	69	6	1	59.1
2019-05-04 05:00	64.8	67.8	129.5	0.0	95.9	59.5	0.0	45	1	0	58.6
2019-05-04 05:15	64.6	67.7	129.5	0.0	97.2	58.8	0.0	29	3	1	58.2
2019-05-04 05:30	64.4	67.5	129.5	0.0	97.9	58.3	0.0	24	2	0	57.9
2019-05-04 05:45	64.2	67.3	129.5	0.0	97.7	58.7	0.0	38	4	1	58.2
2019-05-04 06:00	64.0	67.2	129.5	0.0	97.6	58.5	0.0	48	4	1	58.0
2019-05-04 06:15	63.8	67.0	129.5	0.0	98.4	57.7	0.0	43	2	0	57.4
2019-05-04 06:30	63.6	66.8	129.5	0.0	98.9	57.3	0.0	40	1	0	57.1
2019-05-04 06:45	63.5	66.7	129.5	2.0	98.9	57.4	0.0	74	4	1	57.2
2019-05-04 07:00	63.4	66.5	129.5	29.0	96.9	58.8	0.0	86	7	3	58.1
2019-05-04 07:15	63.4	66.3	129.5	79.0	93.5	60.4	0.0	88	9	5	59.0
2019-05-04 07:30	63.4	66.3	129.5	96.0	91.4	61.2	0.0	105	8	5	59.3
2019-05-04 07:45	63.7	66.2	129.5	162.0	89.6	62.4	0.0	98	8	5	60.0
2019-05-04 08:00	64.3	66.2	129.6	192.0	88.1	63.3	0.0	103	10	5	60.5
2019-05-04 08:15	65.2	66.3	129.6	234.0	88.2	63.8	0.0	108	10	6	61.1
2019-05-04 08:30	66.1	66.6	129.6	278.0	89.2	64.5	0.0	112	13	7	62.0
2019-05-04 08:45	67.1	67.0	129.6	330.0	89.1	65.8	0.0	120	11	6	
2019-05-04 09:00	68.2	67.4	129.6	421.0	89.3	66.5	0.0	120	11	7	
2019-05-04 09:15	69.4	68.0	129.7	415.0	88.8	67.4	0.0	122	14	7	
2019-05-04 09:30	70.5	68.6	129.7	457.0	88.6	68.1	0.0	110	11	7	
2019-05-04 09:45	71.6	69.2	129.7	449.0	88.0	68.1	0.0	97	12	6	
2019-05-04 10:00	73.0	69.8	129.7	546.0	87.3	68.6	0.0	93	8	5	
2019-05-04 10:15	74.4	70.6	129.7	598.0	86.8	69.1	0.0	103	9	5	
2019-05-04 10:30	75.9	71.4	129.6	573.0	85.7	69.9	0.0	98	8	5	
2019-05-04 10:45	76.8	72.2	129.6	569.0	85.5	70.5	0.0	98	9	5	
2019-05-04 11:00	77.8	73.0	129.6	487.0	84.8	70.7	0.0	94	10	5	
2019-05-04 11:15	78.1	73.6	129.6	486.0	84.3	71.3	0.0	107	8	5	
2019-05-04 11:30	78.5	74.0	129.6	532.0	83.0	71.9	0.0	100	10	4	
2019-05-04 11:45	79.0	74.5	129.6	587.0	82.5	72.3	0.0	104	10	5	
2019-05-04 12:00	79.5	75.0	129.6	449.0	82.2	72.0	0.0	100	10	6	
2019-05-04 12:15	79.9	75.4	129.6	645.0	80.4	73.0	0.0	114	10	5	
2019-05-04 12:30	80.2	75.8	129.6	663.0	81.5	72.9	0.0	104	12	6	
2019-05-04 12:45	81.4	76.2	129.5	960.0	79.9	74.3	0.0	104	13	7	
2019-05-04 13:00	82.9	76.8	129.5	835.0	80.1	74.3	0.0	101	13	7	
2019-05-04 13:15	83.7	77.6	129.5	761.0	80.0	74.4	0.0	107	13	7	
2019-05-04 13:30	84.4	78.3	129.5	1028.0	77.7	75.2	0.0	100	11	7	
2019-05-04 13:45	85.6	79.1	129.5	842.0	76.1	75.2	0.0	110	11	6	
2019-05-04 14:00	86.0	79.9	129.5	974.0	73.4	76.4	0.0	118	11	5	
2019-05-04 14:15	86.6	80.6	129.5	998.0	71.2	77.4	0.0	117	10	5	
2019-05-04 14:30	86.9	81.3	129.5	797.0	72.4	76.5	0.0	108	11	5	
2019-05-04 14:45	87.1	81.7	129.5	912.0	70.2	77.3	0.0	104	10	5	
2019-05-04 15:00	87.8	82.2	129.6	874.0	70.1	77.3	0.0	103	12	5	
2019-05-04 15:15	87.8	82.7	129.5	788.0	69.6	77.4	0.0	107	11	6	
2019-05-04 15:30	87.3	83.0	129.5	423.0	69.2	76.9	0.0	128	10	5	
2019-05-04 15:45	85.9	83.0	129.4	560.0	68.5	77.3	0.0	118	9	4	
2019-05-04 16:00	85.3	82.7	129.5	500.0	67.6	77.4	0.0	114	8	4	
2019-05-04 16:15	85.1	82.5	129.5	780.0	64.2	78.8	0.0	114	11	4	
2019-05-04 16:30	85.5	82.5	129.5	711.0	62.4	79.0	0.0	136	9	3	
2019-05-04 16:45	85.2	82.7	129.5	478.0	64.5	78.3	0.0	141	9	4	
2019-05-04 17:00	84.6	82.6	129.5	589.0	62.6	78.5	0.0	139	7	3	
2019-05-04 17:15	84.1	82.5	129.5	546.0	62.8	78.8	0.0	131	7	4	
2019-05-04 17:30	83.7	82.3	129.5	484.0	61.2	78.9	0.0	149	6	3	
2019-05-04 17:45	83.2	82.2	129.5	453.0	60.2	79.1	0.0	153	8	2	
2019-05-04 18:00	82.5	81.9	129.5	321.0	61.6	78.3	0.0	165	6	2	
2019-05-04 18:15	81.8	81.6	129.5	340.0	60.1	78.6	0.0	156	6	2	
2019-05-04 18:30	80.9	81.3	129.6	230.0	59.9	77.6	0.0	170	5	2	
2019-05-04 18:45	79.8	80.8	129.6	226.0	60.8	77.6	0.0	163	6	2	
2019-05-04 19:00	78.6	80.3	129.7	167.0	61.3	77.1	0.0	172	4	1	
2019-05-04 19:15	77.4	79.7	129.7	98.0	64.5	76.6	0.0	159	3	0	
2019-05-04 19:30	76.5	79.0	129.7	67.0	67.5	75.8	0.0	159	3	0	
2019-05-04 19:45	75.7	78.4	129.7	36.0	71.3	74.2	0.0	186	2	0	
2019-05-04 20:00	75.0	77.8	129.7	7.0	81.2	71.0	0.0	184	0	0	
2019-05-04 20:15	74.3	77.2	129.7	1.0	88.7	67.5	0.0	184	0	0	
2019-05-04 20:30	73.6	76.6	129.7	0.0	92.5	66.3	0.0	184	1	0	
2019-05-04 20:45	73.0	76.1	129.7	0.0	95.4	64.6	0.0	184	1	0	63.6
2019-05-04 21:00	72.4	75.5	129.7	0.0	96.5	63.9	0.0	184	1	0	63.1
2019-05-04 21:15	71.8	75.0	129.7	0.0	95.0	64.9	0.0	184	1	0	63.8
2019-05-04 21:30	71.3	74.5	129.7	0.0	95.4	64.7	0.0	184	0	0	63.7
2019-05-04 21:45	70.9	74.1	129.6	0.0	97.2	63.6	0.0	184	0	0	63.0
2019-05-04 22:00	70.5	73.7	129.7	0.0	98.0	62.8	0.0	184	0	0	62.4
2019-05-04 22:15	70.1	73.3	129.7	0.0	98.3	62.9	0.0	184	0	0	62.5
2019-05-04 22:30	69.8	72.9	129.7	0.0	98.2	63.0	0.0	184	1	0	62.6
2019-05-04 22:45	69.5	72.6	129.7	0.0	98.4	62.3	0.0	184	0	0	61.9
2019-05-04 23:00	69.2	72.2	129.7	0.0	98.3	62.2	0.0	184	1	0	61.8
2019-05-04 23:15	68.9	71.9	129.7	0.0	97.9	61.7	0.0	184	1	0	61.2
2019-05-04 23:30	68.6	71.6	129.7	0.0	98.2	61.4	0.0	184	0	0	61.0
2019-05-04 23:45	68.4	71.3	129.7	0.0	98.7	62.5	0.0	184	0	0	62.2
2019-05-05 00:00	68.2	71.0	129.7	0.0	97.6	61.7	0.0	184	0	0	61.2
2019-05-05 00:15	67.9	70.8	129.6	0.0	98.6	61.2	0.0	184	0	0	60.9
2019-05-05 00:30	67.6	70.5	129.7	0.0	99.3	61.0	0.0	184	0	0	60.8
2019-05-05 00:45	67.4	70.3	129.7	0.0	99.6	60.8	0.0	184	0	0	60.7
2019-05-05 01:00	67.2	70.0	129.7	0.0	99.6	59.9	0.0	184	1	0	59.8
2019-05-05 01:15	67.0	69.8	129.7	0.0	99.5	60.1	0.0	184	1	0	60.0
2019-05-05 01:30	66.8	69.6	129.7	0.0	99.5	60.7	0.0	184	1	0	60.6
2019-05-05 01:45	66.6	69.3	129.7	0.0	99.2	60.6	0.0	184	1	0	60.4
2019-05-05 02:00	66.4	69.2	129.7	0.0	99.1	60.5	0.0	184	1	0	60.3
2019-05-05 02:15	66.2	68.9	129.7	0.0	99.4	59.7	0.0	184	0	0	59.6
2019-05-05 02:30	65.9	68.8	129.7	0.0	99.3	59.1	0.0	184	0	0	59.0
2019-05-05 02:45	65.7	68.6	129.7	0.0	99.7	58.7	0.0	184	0	0	58.6
2019-05-05 03:00	65.5	68.4	129.7	0.0	99.8	58.8	0.0	184	1	0	58.8
2019-05-05 03:15	65.2	68.2	129.7	0.0	99.8	59.1	0.0	184	1	0	59.1
2019-05-05 03:30	65.0	68.0	129.7	0.0	99.6	58.2	0.0	184	1	0	58.1
2019-05-05 03:45	64.8	67.8	129.8	0.0	99.7	58.1	0.0	184	0	0	58.0
2019-05-05 04:00	64.6	67.6	129.7	0.0	99.7	58.1	0.0	184	0	0	58.0
2019-05-05 04:15	64.4	67.4	129.7	0.0	99.7	58.8	0.0	184	1	0	58.7
2019-05-05 04:30	64.2	67.3	129.7	0.0	99.4	59.8	0.0	184	1	0	59.7
2019-05-05 04:45	64.1	67.0	129.7	0.0	98.1	61.8	0.0	184	2	0	61.4
2019-05-05 05:00	64.1	66.9	129.8	0.0	98.0	61.6	0.0	176	3	0	61.2
2019-05-05 05:15	64.0	66.8	129.8	0.0	98.2	61.5	0.0	170	4	1	61.1
2019-05-05 05:30	64.0	66.7	129.8	0.0	98.1	61.6	0.0	175	2	0	61.2
2019-05-05 05:45	63.9	66.6	129.8	0.0	98.0	61.3	0.0	165	3	1	60.9
2019-05-05 06:00	63.8	66.4	129.8	0.0	97.7	61.4	0.0	162	4	1	60.9
2019-05-05 06:15	63.7	66.3	129.8	0.0	97.4	61.6	0.0	162	3	1	61.0
2019-05-05 06:30	63.6	66.2	129.8	0.0	97.7	61.3	0.0	152	4	1	60.8
2019-05-05 06:45	63.5	66.1	129.8	5.0	97.5	61.3	0.0	204	3	0	60.8
2019-05-05 07:00	63.5	66.0	129.8	39.0	96.9	61.5	0.0	216	2	0	60.8
2019-05-05 07:15	63.5	66.0	129.9	85.0	95.0	62.6	0.0	179	2	0	61.5
2019-05-05 07:30	63.6	65.9	129.9	128.0	93.2	63.7	0.0	182	3	1	62.2
2019-05-05 07:45	64.2	65.9	129.8	171.0	91.9	64.7	0.0	180	3	1	62.8
2019-05-05 08:00	65.1	66.0	129.9	216.0	90.5	65.9	0.0	180	5	1	
2019-05-05 08:15	66.1	66.3	129.9	265.0	89.2	66.7	0.0	192	5	2	
2019-05-05 08:30	67.3	66.6	129.9	315.0	86.6	67.9	0.0	213	6	2	
2019-05-05 08:45	68.4	67.2	129.9	367.0	86.4	67.7	0.0	218	7	3	
2019-05-05 09:00	69.5	67.7	129.9	418.0	85.6	68.8	0.0	232	7	3	
2019-05-05 09:15	70.7	68.3	130.0	469.0	84.5	69.7	0.0	232	7	3	
2019-05-05 09:30	72.0	68.9	130.0	519.0	82.5	70.9	0.0	237	6	3	
2019-05-05 09:45	73.5	69.7	130.0	571.0	79.7	72.8	0.0	251	6	2	
2019-05-05 10:00	74.9	70.6	130.0	621.0	78.4	73.4	0.0	252	6	2	
2019-05-05 10:15	76.4	71.5	130.0	672.0	77.6	74.0	0.0	299	5	2	
2019-05-05 10:30	77.9	72.5	130.1	719.0	75.8	74.7	0.0	300	7	2	
2019-05-05 10:45	79.3	73.5	130.1	767.0	73.3	76.1	0.0	300	5	3	
2019-05-05 11:00	80.5	74.6	130.0	765.0	71.2	76.7	0.0	280	9	4	
2019-05-05 11:15	81.5	75.6	130.0	843.0	70.8	77.0	0.0	297	8	4	
2019-05-05 11:30	82.6	76.5	130.0	817.0	69.5	77.9	0.0	292	7	4	
2019-05-05 11:45	83.1	77.3	130.0	705.0	68.9	77.2	0.0	297	8	4	
2019-05-05 12:00	83.4	78.0	130.0	789.0	67.4	78.4	0.0	296	8	3	
2019-05-05 12:15	84.0	78.6	130.0	874.0	66.2	78.6	0.0	295	9	4	
2019-05-05 12:30	85.2	79.2	130.1	1036.0	63.3	79.9	0.0	290	8	4	
2019-05-05 12:45	86.2	80.0	130.1	985.0	64.9	79.5	0.0	304	9	4	
2019-05-05 13:00	87.4	80.8	130.1	1075.0	62.9	80.6	0.0	304	9	5	
2019-05-05 13:15	88.3	81.7	130.1	920.0	63.7	80.4	0.0	307	9	4	
2019-05-05 13:30	88.2	82.4	130.1	810.0	65.1	79.8	0.0	319	10	4	
2019-05-05 13:45	88.7	82.8	130.1	957.0	62.0	81.2	0.0	289	9	4	
2019-05-05 14:00	88.6	83.3	130.0	720.0	63.2	80.2	0.0	300	8	3	
2019-05-05 14:15	89.1	83.6	130.1	1045.0	59.9	81.8	0.0	303	10	4	
2019-05-05 14:30	89.4	84.1	130.0	700.0	60.7	80.6	0.0	275	9	5	
2019-05-05 14:45	88.5	84.4	130.0	556.0	62.4	80.4	0.0	297	9	4	
2019-05-05 15:00	88.4	84.3	130.1	691.0	59.7	81.7	0.0	297	9	4	
2019-05-05 15:15	88.5	84.4	130.1	745.0	59.9	81.9	0.0	290	10	4	
2019-05-05 15:30	88.7	84.6	130.1	740.0	58.4	81.9	0.0	297	8	4	
2019-05-05 15:45	88.8	84.8	130.1	903.0	58.5	83.1	0.0	303	7	4	
2019-05-05 16:00	88.9	85.0	130.0	512.0	59.5	81.7	0.0	293	8	4	
2019-05-05 16:15	88.7	85.2	130.1	570.0	58.7	82.2	0.0	280	8	4	
2019-05-05 16:30	88.0	85.2	130.0	524.0	60.4	81.9	0.0	286	8	3	
2019-05-05 16:45	87.3	85.0	129.9	255.0	59.4	81.3	0.0	285	10	3	
2019-05-05 17:00	86.2	84.7	129.8	224.0	60.0	81.3	0.0	286	7	3	
2019-05-05 17:15	85.3	84.3	129.9	397.0	57.9	81.8	0.0	288	7	2	
2019-05-05 17:30	85.2	83.9	130.0	445.0	56.5	82.4	0.0	288	8	3	
2019-05-05 17:45	85.1	83.7	130.0	453.0	56.3	83.4	0.0	282	7	3	
2019-05-05 18:00	84.9	83.6	130.0	389.0	58.1	82.3	0.0	261	8	4	
2019-05-05 18:15	84.2	83.5	129.9	307.0	58.7	81.3	0.0	265	9	5	
2019-05-05 18:30	83.3	83.1	129.9	272.0	59.0	81.3	0.0	271	9	4	
2019-05-05 18:45	82.2	82.7	129.9	221.0	61.0	80.6	0.0	264	7	3	
2019-05-05 19:00	81.0	82.3	130.0	159.0	62.3	80.0	0.0	259	10	4	
2019-05-05 19:15	79.8	81.7	130.0	94.0	65.7	79.1	0.0	261	5	2	
2019-05-05 19:30	78.8	81.0	130.0	47.0	68.9	77.3	0.0	255	4	2	
2019-05-05 19:45	77.9	80.4	130.0	28.0	72.7	75.7	0.0	252	4	2	
2019-05-05 20:00	77.0	79.7	130.0	7.0	76.7	74.3	0.0	254	3	1	
2019-05-05 20:15	76.3	79.1	130.0	0.0	79.1	73.1	0.0	258	4	0	
2019-05-05 20:30	75.7	78.5	130.0	0.0	83.4	71.5	0.0	259	0	0	
2019-05-05 20:45	75.1	77.9	130.0	0.0	86.7	70.5	0.0	259	0	0	
2019-05-05 21:00	74.6	77.4	130.0	0.0	89.1	69.6	0.0	259	1	0	
2019-05-05 21:15	74.1	76.9	130.0	0.0	87.4	70.1	0.0	258	1	0	
2019-05-05 21:30	73.7	76.5	130.0	0.0	87.7	69.7	0.0	251	2	0	
2019-05-05 21:45	73.3	76.1	130.0	0.0	86.8	69.7	0.0	237	3	0	
2019-05-05 22:00	72.9	75.7	130.0	0.0	88.4	69.0	0.0	238	1	0	
2019-05-05 22:15	72.5	75.3	130.0	0.0	91.1	68.0	0.0	238	1	0	
2019-05-05 22:30	72.3	75.0	130.0	0.0	90.6	68.3	0.0	238	1	0	
2019-05-05 22:45	72.0	74.7	130.0	0.0	90.2	68.1	0.0	241	1	0	
2019-05-05 23:00	71.7	74.4	130.0	0.0	88.6	68.5	0.0	244	1	0	
2019-05-05 23:15	71.4	74.1	130.0	0.0	88.2	68.5	0.0	247	2	0	
2019-05-05 23:30	71.2	73.8	130.0	0.0	89.3	68.0	0.0	248	1	0	
2019-05-05 23:45	71.0	73.5	130.0	0.0	90.9	67.1	0.0	248	0	0	
2019-05-06 00:00	70.7	73.3	130.0	0.0	91.1	66.9	0.0	248	0	0	
2019-05-06 00:15	70.5	73.1	130.0	0.0	93.5	65.6	0.0	248	0	0	
2019-05-06 00:30	70.2	72.8	130.0	0.0	93.4	65.4	0.0	248	0	0	
2019-05-06 00:45	70.0	72.6	130.0	0.0	93.9	65.4	0.0	248	0	0	
2019-05-06 01:00	69.8	72.4	130.0	0.0	96.8	64.0	0.0	248	0	0	63.3
2019-05-06 01:15	69.6	72.1	130.0	0.0	97.3	64.0	0.0	248	0	0	63.4
2019-05-06 01:30	69.4	72.0	130.0	0.0	96.2	64.5	0.0	248	0	0	63.6
2019-05-06 01:45	69.2	71.7	130.0	0.0	95.7	65.3	0.0	248	0	0	
2019-05-06 02:00	69.1	71.5	130.0	0.0	95.7	65.4	0.0	248	0	0	
2019-05-06 02:15	69.0	71.4	130.0	0.0	95.8	65.6	0.0	248	1	0	
2019-05-06 02:30	68.9	71.3	130.0	0.0	96.2	65.6	0.0	269	2	0	
2019-05-06 02:45	68.9	71.1	130.0	0.0	96.2	65.9	0.0	285	2	0	
2019-05-06 03:00	68.8	71.0	130.0	0.0	96.9	65.6	0.0	288	2	0	
2019-05-06 03:15	68.7	70.9	130.1	0.0	97.2	65.3	0.0	292	3	0	
2019-05-06 03:30	68.6	70.8	130.1	0.0	96.9	65.9	0.0	309	4	1	
2019-05-06 03:45	68.4	70.6	130.1	0.0	96.6	66.2	0.0	304	5	1	
2019-05-06 04:00	68.4	70.5	130.1	0.0	96.6	66.2	0.0	307	3	1	
2019-05-06 04:15	68.3	70.4	130.1	0.0	96.7	66.3	0.0	304	4	1	
2019-05-06 04:30	68.2	70.3	130.1	0.0	97.1	66.0	0.0	306	1	0	
2019-05-06 04:45	68.1	70.2	130.1	0.0	98.0	65.0	0.0	306	2	0	
2019-05-06 05:00	67.9	70.1	130.1	0.0	98.7	63.8	0.0	304	0	0	63.5
2019-05-06 05:15	67.6	69.9	130.1	0.0	99.5	62.8	0.0	304	0	0	62.7
2019-05-06 05:30	67.4	69.7	130.1	0.0	99.8	63.1	0.0	304	0	0	63.1
2019-05-06 05:45	67.2	69.6	130.2	0.0	99.9	62.8	0.0	304	1	0	62.8
2019-05-06 06:00	67.0	69.4	130.2	0.0	99.9	62.5	0.0	293	4	0	62.5
2019-05-06 06:15	66.9	69.2	130.2	0.0	99.9	64.2	0.0	278	3	1	64.2
2019-05-06 06:30	66.9	69.1	130.2	0.0	99.9	64.3	0.0	269	3	1	64.3
2019-05-06 06:45	66.9	69.0	130.2	5.0	99.9	64.2	0.0	280	5	1	64.2
2019-05-06 07:00	66.9	68.9	130.2	16.0	99.9	64.7	0.0	300	5	1	64.7
2019-05-06 07:15	67.2	68.9	130.2	38.0	99.9	65.4	0.0	300	5	1	
2019-05-06 07:30	67.6	69.0	130.2	78.0	99.6	66.0	0.0	300	6	2	
2019-05-06 07:45	68.2	69.1	130.2	121.0	98.6	66.5	0.0	289	7	3	
2019-05-06 08:00	68.8	69.3	130.2	190.0	97.2	67.3	0.0	289	8	4	
2019-05-06 08:15	69.6	69.7	130.2	169.0	96.3	67.8	0.0	293	8	4	
2019-05-06 08:30	70.1	70.1	130.2	104.0	95.7	67.7	0.0	297	10	4	
2019-05-06 08:45	21.3	21.3	58.7	131.0	94.5	20.4	0.0	300	12	9	19.5
2019-05-06 09:00	21.3	21.4	59.2	169.0	94.1	20.3	0.0	295	12	8	19.3
2019-05-06 09:15	21.5	21.5	59.0	221.0	92.3	20.7	0.0	289	14	6	19.4
2019-05-06 09:30	21.9	21.6	59.0	295.0	90.6	21.2	0.0	292	14	6	19.6
2019-05-06 09:45	22.4	21.8	59.0	353.0	88.6	21.7	0.0	296	12	8	19.7
2019-05-06 10:00	23.0	22.1	58.7	507.0	85.0	22.7	0.0	292	17	8	20.0
2019-05-06 10:15	23.8	22.4	58.4	538.0	82.0	23.2	0.0	290	16	9	20.0
2019-05-06 10:30	24.4	22.8	58.7	537.0	80.0	23.4	0.0	296	14	8	19.8
2019-05-06 10:45	25.1	23.2	58.4	606.0	77.0	23.8	0.0	297	17	9	19.5
2019-05-06 11:00	25.7	23.7	58.4	655.0	74.5	24.6	0.0	295	12	6	19.8
2019-05-06 11:15	26.4	24.1	58.4	601.0	73.8	24.6	0.0	302	11	6	19.6
2019-05-06 11:30	26.7	24.5	58.4	534.0	72.0	24.8	0.0	288	14	8	19.4
2019-05-06 11:45	26.8	24.9	58.4	508.0	72.6	24.6	0.0	275	14	8	19.3
2019-05-06 12:00	26.9	25.1	58.4	516.0	71.7	24.8	0.0	272	17	9	19.3
2019-05-06 12:15	27.1	25.3	58.4	594.0	69.5	25.4	0.0	280	14	8	19.4
2019-05-06 12:30	27.3	25.4	58.7	594.0	69.5	25.6	0.0	264	19	9	19.6
2019-05-06 12:45	27.7	25.7	58.7	621.0	68.4	26.1	0.0	286	14	8	19.8
2019-05-06 13:00	27.9	25.9	58.7	465.0	68.5	25.8	0.0	286	14	6	19.6
2019-05-06 13:15	27.9	26.2	58.7	498.0	71.8	25.7	0.0	309	14	6	20.2
2019-05-06 13:30	27.9	26.3	58.7	315.0	73.9	25.0	0.0	304	14	6	20.0
2019-05-06 13:45	27.4	26.4	59.0	221.0	76.6	24.3	0.0	307	14	6	19.9
2019-05-06 14:00	26.9	26.3	59.0	167.0	78.7	24.2	0.0	309	8	3	20.3
2019-05-06 14:15	26.6	26.1	58.9	196.0	78.3	24.1	0.0	303	9	4	20.1
2019-05-06 14:30	26.3	25.9	58.7	219.0	79.2	24.2	0.0	313	9	4	20.4
2019-05-06 14:45	26.2	25.8	58.4	294.0	78.5	24.4	0.0	314	12	4	20.4
2019-05-06 15:00	26.3	25.8	58.4	304.0	77.9	24.6	0.0	317	12	6	20.5
2019-05-06 15:15	26.4	25.8	58.4	288.0	77.7	24.7	0.0	310	11	3	20.5
2019-05-06 15:30	26.5	25.8	58.4	293.0	77.5	24.8	0.0	302	9	4	20.6
2019-05-06 15:45	26.6	25.9	58.4	314.0	76.0	25.1	0.0	296	9	3	20.6
2019-05-06 16:00	26.7	25.9	58.4	276.0	75.6	25.1	0.0	288	8	3	20.5
2019-05-06 16:15	26.7	26.0	58.4	258.0	74.4	24.9	0.0	290	9	4	20.0
2019-05-06 16:30	26.4	26.0	58.3	112.0	77.2	24.2	0.0	304	8	3	20.0
2019-05-06 16:45	26.1	25.9	58.4	77.0	79.5	23.7	0.0	300	8	3	19.9
2019-05-06 17:00	25.7	25.8	58.4	79.0	80.6	23.6	0.0	304	8	3	20.1
2019-05-06 17:15	25.4	25.6	58.3	149.0	79.6	24.1	0.0	276	6	1	20.4
2019-05-06 17:30	25.4	25.4	58.3	153.0	79.1	24.3	0.0	272	9	3	20.4
2019-05-06 17:45	25.4	25.4	58.4	134.0	79.0	24.1	0.0	268	6	3	20.2
2019-05-06 18:00	25.3	25.3	58.4	118.0	78.9	24.2	0.0	276	6	1	20.3
2019-05-06 18:15	25.2	25.2	58.3	104.0	80.4	23.9	0.0	264	4	1	20.3
2019-05-06 18:30	25.1	25.2	58.3	94.0	81.1	23.8	0.0	251	6	3	20.4
2019-05-06 18:45	24.9	25.1	58.3	73.0	82.9	23.6	0.0	245	4	1	20.5
2019-05-06 19:00	24.7	25.0	58.3	46.0	84.5	23.4	0.0	231	4	1	20.6
2019-05-06 19:15	24.4	24.9	58.3	34.0	85.2	23.2	0.0	224	6	1	20.6
2019-05-06 19:30	24.2	24.7	58.3	31.0	86.1	22.9	0.0	240	4	1	20.5
2019-05-06 19:45	24.0	24.6	58.3	34.0	86.9	22.6	0.0	244	4	1	20.3
2019-05-06 20:00	23.8	24.4	58.3	47.0	86.3	22.7	0.0	252	3	0	20.3
2019-05-06 20:15	23.7	24.3	58.3	14.0	88.6	22.2	0.0	237	3	0	20.2
2019-05-06 20:30	23.4	24.2	58.3	1.0	90.5	21.7	0.0	248	4	1	20.1
2019-05-06 20:45	23.2	24.1	58.3	0.0	92.5	21.1	0.0	244	3	0	19.8
2019-05-06 21:00	22.9	23.9	58.4	0.0	92.7	20.9	0.0	244	3	0	19.7
2019-05-06 21:15	22.7	23.7	58.4	0.0	93.7	20.7	0.0	244	1	0	19.6
2019-05-06 21:30	22.5	23.6	58.4	0.0	95.0	20.2	0.0	244	1	0	19.4
2019-05-06 21:45	22.3	23.4	58.4	0.0	95.6	19.8	0.0	244	0	0	19.1
2019-05-06 22:00	22.1	23.2	58.3	0.0	96.9	19.2	0.0	244	0	0	18.7
2019-05-06 22:15	21.9	23.1	58.3	0.0	98.1	19.1	0.0	244	0	0	18.8
2019-05-06 22:30	21.8	22.9	58.3	0.0	96.4	19.4	0.0	244	0	0	18.8
2019-05-06 22:45	21.7	22.8	58.3	0.0	97.4	19.0	0.0	244	0	0	18.6
2019-05-06 23:00	21.5	22.7	58.4	0.0	95.7	19.7	0.0	247	3	0	19.0
2019-05-06 23:15	21.5	22.6	58.3	0.0	92.8	20.7	0.0	261	4	0	19.5
2019-05-06 23:30	21.4	22.4	58.3	0.0	92.5	20.8	0.0	272	6	1	19.5
2019-05-06 23:45	21.4	22.4	58.3	0.0	92.7	20.6	0.0	272	6	0	19.4
2019-05-07 00:00	21.3	22.3	58.4	0.0	93.5	20.4	0.0	279	3	0	19.3
2019-05-07 00:15	21.2	22.2	58.3	0.0	94.0	20.3	0.0	286	3	0	19.3
2019-05-07 00:30	21.2	22.2	58.4	0.0	94.6	20.3	0.0	280	3	0	19.4
2019-05-07 00:45	21.2	22.1	58.3	0.0	94.9	20.1	0.0	292	4	0	19.3
2019-05-07 01:00	21.1	22.1	58.3	0.0	95.6	19.9	0.0	290	4	0	19.2
2019-05-07 01:15	20.9	21.9	58.3	0.0	96.3	19.7	0.0	296	4	1	19.1
2019-05-07 01:30	20.9	21.9	58.4	0.0	95.7	20.1	0.0	286	6	1	19.4
2019-05-07 01:45	21.0	21.9	58.3	0.0	95.4	20.3	0.0	290	6	1	19.5
2019-05-07 02:00	21.1	21.9	58.3	0.0	95.6	20.2	0.0	302	6	1	19.5
2019-05-07 02:15	21.1	21.9	58.3	0.0	95.9	20.0	0.0	306	8	1	19.3
2019-05-07 02:30	21.1	21.8	58.3	0.0	96.4	19.7	0.0	312	8	1	19.1
2019-05-07 02:45	20.9	21.8	58.3	0.0	97.3	19.4	0.0	313	4	0	19.0
2019-05-07 03:00	20.8	21.7	58.3	0.0	98.2	18.9	0.0	316	1	0	18.6
2019-05-07 03:15	20.7	21.7	58.3	0.0	98.6	18.7	0.0	316	0	0	18.5
2019-05-07 03:30	20.6	21.6	58.3	0.0	99.1	18.3	0.0	316	0	0	18.2
2019-05-07 03:45	20.4	21.5	58.3	0.0	99.5	18.1	0.0	316	0	0	18.0
2019-05-07 04:00	20.3	21.4	58.3	0.0	99.7	17.5	0.0	316	1	0	17.5
2019-05-07 04:15	20.2	21.3	58.3	0.0	99.9	16.9	0.0	316	0	0	16.9
2019-05-07 04:30	20.2	21.2	58.3	0.0	99.9	17.9	0.0	316	0	0	17.9
2019-05-07 04:45	20.3	21.2	58.3	0.0	99.9	18.6	0.0	316	0	0	18.6
2019-05-07 05:00	20.4	21.2	58.3	0.0	99.9	19.2	0.0	300	1	0	19.2
2019-05-07 05:15	20.5	21.2	58.4	0.0	99.9	19.5	0.0	293	1	0	19.5
2019-05-07 05:30	20.6	21.2	58.4	0.0	99.9	19.7	0.0	292	1	0	19.7
2019-05-07 05:45	20.7	21.3	58.4	0.0	99.9	19.7	0.0	292	1	0	19.7
2019-05-07 06:00	20.7	21.3	58.4	0.0	99.9	19.6	0.0	262	3	0	19.6
2019-05-07 06:15	20.8	21.3	58.4	0.0	99.9	19.7	0.0	234	3	0	19.7
2019-05-07 06:30	20.8	21.3	58.4	0.0	99.8	19.6	0.0	237	3	0	19.6
2019-05-07 06:45	20.8	21.3	58.4	0.0	99.8	19.7	0.0	238	3	0	19.7
2019-05-07 07:00	20.8	21.4	58.4	12.0	99.7	19.6	0.0	217	4	0	19.6
2019-05-07 07:15	20.8	21.4	58.4	33.0	99.7	19.6	0.0	223	3	0	19.6
2019-05-07 07:30	20.9	21.4	58.4	38.0	99.6	19.8	0.0	234	4	1	19.7
2019-05-07 07:45	20.9	21.4	58.4	32.0	99.7	20.0	0.0	244	9	1	20.0
2019-05-07 08:00	21.1	21.4	58.4	30.0	99.4	20.2	0.0	238	8	1	20.1
2019-05-07 08:15	21.2	21.5	58.3	47.0	99.2	20.4	0.0	234	8	1	20.3
2019-05-07 08:30	21.3	21.6	58.4	87.0	98.5	20.8	0.0	245	8	1	20.6
2019-05-07 08:45	21.6	21.6	58.3	131.0	97.2	21.4	0.0	261	9	4	20.9
2019-05-07 09:00	22.0	21.7	58.0	161.0	95.2	22.1	0.0	258	11	4	21.3
2019-05-07 09:15	22.3	21.9	58.3	154.0	95.0	22.3	0.0	258	11	4	21.5
2019-05-07 09:30	22.6	22.1	58.0	221.0	93.8	22.8	0.0	261	11	6	21.7
2019-05-07 09:45	23.0	22.3	58.0	168.0	92.3	23.2	0.0	266	16	6	21.9
2019-05-07 10:00	23.1	22.6	58.3	109.0	91.7	23.1	0.0	272	16	8	21.7
2019-05-07 10:15	23.2	22.7	58.4	101.0	91.8	23.2	0.0	268	12	6	21.8
2019-05-07 10:30	23.2	22.8	58.4	98.0	91.7	23.2	0.0	272	17	4	21.8
2019-05-07 10:45	23.2	22.8	58.3	191.0	90.5	23.6	0.0	273	17	6	22.0
2019-05-07 11:00	23.7	22.9	57.8	395.0	87.5	24.6	0.0	262	17	9	22.4
2019-05-07 11:15	24.5	23.2	57.8	429.0	84.2	25.3	0.0	262	19	9	22.4
2019-05-07 11:30	25.1	23.6	57.8	455.0	82.5	25.6	0.0	266	19	11	22.4
2019-05-07 11:45	26.0	23.9	58.0	680.0	78.7	26.9	0.0	279	16	8	22.9
2019-05-07 12:00	26.8	24.4	58.0	531.0	79.4	26.5	0.0	261	17	9	22.6
2019-05-07 12:15	27.2	24.9	58.1	459.0	79.3	26.5	0.0	268	20	9	22.6
2019-05-07 12:30	27.6	25.3	58.1	639.0	77.7	26.9	0.0	268	16	8	22.7
2019-05-07 12:45	28.3	25.7	58.3	489.0	75.8	27.3	0.0	276	17	8	22.7
2019-05-07 13:00	28.5	26.1	58.3	677.0	75.1	27.5	0.0	285	16	8	22.7
2019-05-07 13:15	29.3	26.4	58.0	740.0	72.9	28.0	0.0	266	12	6	22.7
2019-05-07 13:30	30.1	26.8	58.0	691.0	71.5	28.4	0.0	240	11	4	22.7
2019-05-07 13:45	30.5	27.3	58.0	557.0	70.0	28.7	0.0	279	11	4	22.7
2019-05-07 14:00	31.2	27.7	58.0	1027.0	68.2	29.4	0.0	303	11	4	22.9
2019-05-07 14:15	31.9	28.2	58.0	708.0	68.2	29.2	0.0	269	11	6	22.7
2019-05-07 14:30	32.5	28.7	58.0	1015.0	65.7	30.2	0.0	264	12	6	23.1
2019-05-07 14:45	33.1	29.3	58.0	755.0	66.8	29.3	0.0	266	14	8	22.5
2019-05-07 15:00	33.2	29.7	58.0	576.0	67.3	29.4	0.0	268	14	6	22.7
2019-05-07 15:15	33.0	29.9	58.0	643.0	66.8	29.6	0.0	266	12	4	22.8
2019-05-07 15:30	32.8	30.1	58.1	384.0	69.6	28.7	0.0	271	12	4	22.6
2019-05-07 15:45	32.3	30.1	58.3	397.0	72.4	28.4	0.0	279	12	4	23.0
2019-05-07 16:00	32.4	30.1	58.0	745.0	65.1	30.1	0.0	278	11	6	22.8
2019-05-07 16:15	32.9	30.2	58.0	765.0	65.3	30.3	0.0	262	14	6	23.1
2019-05-07 16:30	32.9	30.4	58.0	357.0	69.1	29.2	0.0	249	16	6	22.9
2019-05-07 16:45	32.5	30.4	58.1	410.0	69.3	29.1	0.0	264	16	6	22.9
2019-05-07 17:00	32.4	30.4	58.0	661.0	66.8	30.1	0.0	248	12	6	23.2
2019-05-07 17:15	32.4	30.4	58.1	213.0	75.9	27.2	0.0	240	30	12	22.6
2019-05-07 17:30	31.1	30.3	58.4	78.0	86.9	22.9	0.0	238	32	17	20.6
2019-05-07 17:45	29.7	29.9	58.7	61.0	91.0	21.3	0.5	225	33	16	19.8
2019-05-07 18:00	28.3	29.2	59.5	146.0	94.5	21.0	0.7	228	22	12	20.1
2019-05-07 18:15	27.4	28.5	60.8	132.0	95.2	21.2	2.0	238	20	11	20.4
2019-05-07 18:30	26.7	27.9	60.8	343.0	93.6	22.5	0.0	251	24	12	21.4
2019-05-07 18:45	26.7	27.5	60.6	194.0	93.0	22.7	0.0	264	20	12	21.5
2019-05-07 19:00	26.5	27.3	61.0	168.0	91.6	22.9	0.0	265	25	14	21.5
2019-05-07 19:15	26.2	27.0	60.8	153.0	91.2	23.0	0.0	272	24	12	21.5
2019-05-07 19:30	25.9	26.8	60.6	95.0	91.4	22.7	0.0	278	27	14	21.2
2019-05-07 19:45	25.5	26.5	60.4	57.0	92.4	22.3	0.0	273	24	11	21.0
2019-05-07 20:00	25.1	26.3	60.4	13.0	93.4	21.9	0.0	280	19	8	20.8
2019-05-07 20:15	24.8	26.0	60.4	0.0	93.4	21.8	0.0	299	12	4	20.7
2019-05-07 20:30	24.5	25.7	60.1	0.0	93.7	21.7	0.0	293	11	4	20.6
2019-05-07 20:45	24.2	25.4	59.9	0.0	94.0	21.6	0.0	265	12	6	20.6
2019-05-07 21:00	24.0	25.2	59.9	0.0	94.2	21.6	0.0	273	12	6	20.6
2019-05-07 21:15	23.8	25.1	59.9	0.0	94.4	21.6	0.0	268	17	8	20.7
2019-05-07 21:30	23.7	24.8	59.9	0.0	94.5	21.5	0.0	266	17	8	20.6
2019-05-07 21:45	23.6	24.7	59.9	0.0	94.6	21.4	0.0	283	14	6	20.5
2019-05-07 22:00	23.4	24.6	59.9	0.0	94.6	21.2	0.0	279	20	8	20.3
2019-05-07 22:15	23.2	24.4	59.9	0.0	94.7	20.9	0.0	278	17	8	20.0
2019-05-07 22:30	23.1	24.2	59.9	0.0	94.8	20.7	0.0	285	12	6	19.8
2019-05-07 22:45	22.8	24.1	59.9	0.0	95.3	20.4	0.0	289	12	4	19.6
2019-05-07 23:00	22.7	23.9	59.9	0.0	95.3	20.1	0.0	304	8	1	19.3
2019-05-07 23:15	22.5	23.7	59.9	0.0	95.7	19.8	0.0	271	4	0	19.1
2019-05-07 23:30	22.3	23.6	59.9	0.0	95.6	19.9	0.0	256	9	3	19.2
2019-05-07 23:45	22.2	23.4	59.9	0.0	94.9	20.1	0.0	265	12	6	19.3
2019-05-08 00:00	22.2	23.3	59.9	0.0	94.3	20.3	0.0	293	12	4	19.4
2019-05-08 00:15	22.2	23.2	59.9	0.0	94.6	20.2	0.0	310	8	3	19.3
2019-05-08 00:30	22.2	23.2	59.9	0.0	94.7	20.2	0.0	307	9	3	19.3
2019-05-08 00:45	22.1	23.1	59.9	0.0	94.9	20.2	0.0	300	9	4	19.4
2019-05-08 01:00	22.1	23.1	59.9	0.0	94.9	20.1	0.0	288	9	4	19.3
2019-05-08 01:15	22.0	23.0	59.2	0.0	95.1	19.9	0.0	280	11	4	19.1
2019-05-08 01:30	21.8	22.9	59.0	0.0	95.8	19.6	0.0	289	9	3	18.9
2019-05-08 01:45	21.7	22.8	59.2	0.0	96.3	19.5	0.0	283	11	3	18.9
2019-05-08 02:00	21.7	22.7	59.2	0.0	95.8	19.6	0.0	278	11	4	18.9
2019-05-08 02:15	21.6	22.6	59.2	0.0	95.5	19.6	0.0	290	8	3	18.9
2019-05-08 02:30	21.6	22.6	59.2	0.0	95.5	19.6	0.0	295	8	3	18.9
2019-05-08 02:45	21.5	22.5	59.0	0.0	95.4	19.5	0.0	297	12	4	18.7
2019-05-08 03:00	21.4	22.4	59.0	0.0	95.7	19.4	0.0	295	9	3	18.7
2019-05-08 03:15	21.2	22.3	59.0	0.0	96.0	19.3	0.0	304	8	3	18.6
2019-05-08 03:30	21.1	22.3	59.0	0.0	96.3	19.3	0.0	296	9	4	18.7
2019-05-08 03:45	20.9	22.1	59.0	0.0	96.3	19.3	0.0	288	11	4	18.7
2019-05-08 04:00	20.9	22.1	59.0	0.0	95.6	19.4	0.0	288	11	4	18.7
2019-05-08 04:15	20.9	21.9	59.0	0.0	95.2	19.4	0.0	288	9	4	18.6
2019-05-08 04:30	20.9	21.9	59.0	0.0	94.6	19.6	0.0	297	11	4	18.7
2019-05-08 04:45	20.9	21.9	59.0	0.0	93.9	19.7	0.0	296	9	3	18.7
2019-05-08 05:00	20.9	21.8	59.0	0.0	92.6	20.0	0.0	300	12	3	18.8
2019-05-08 05:15	20.9	21.8	59.0	0.0	91.7	20.3	0.0	211	4	0	18.9
2019-05-08 05:30	21.0	21.8	59.0	0.0	92.7	20.3	0.0	66	4	1	19.1
2019-05-08 05:45	21.1	21.8	59.0	0.0	93.5	20.2	0.0	76	6	1	19.1
2019-05-08 06:00	21.1	21.8	59.0	0.0	93.2	20.2	0.0	81	6	1	19.1
2019-05-08 06:15	21.2	21.8	59.0	0.0	92.5	20.4	0.0	81	8	1	19.1
2019-05-08 06:30	21.2	21.9	59.0	0.0	93.0	20.4	0.0	74	1	0	19.2
2019-05-08 06:45	21.2	21.9	59.0	0.0	93.3	20.4	0.5	26	4	0	19.3
2019-05-08 07:00	21.2	21.9	60.4	0.0	96.3	19.9	0.7	297	3	0	19.3
2019-05-08 07:15	21.2	21.9	60.4	1.0	98.0	19.8	0.0	252	4	1	19.5
2019-05-08 07:30	21.2	21.8	60.4	7.0	98.6	19.7	0.5	238	9	3	19.5
2019-05-08 07:45	21.2	21.8	60.6	13.0	99.2	19.4	0.0	235	11	4	19.3
2019-05-08 08:00	21.2	21.8	60.4	17.0	99.2	19.4	0.0	221	11	4	19.3
2019-05-08 08:15	21.2	21.8	60.6	15.0	99.0	19.4	0.0	218	11	4	19.2
2019-05-08 08:30	21.1	21.8	60.6	11.0	98.8	19.5	0.2	228	14	6	19.3
2019-05-08 08:45	21.1	21.7	60.6	20.0	98.7	19.3	0.0	227	17	8	19.1
2019-05-08 09:00	21.1	21.7	60.6	31.0	98.8	19.3	0.0	234	12	6	19.1
2019-05-08 09:15	21.1	21.7	60.4	22.0	98.9	19.3	0.0	227	11	4	19.1
2019-05-08 09:30	21.1	21.7	60.4	22.0	98.8	19.3	0.0	211	9	3	19.1
2019-05-08 09:45	21.1	21.7	60.6	27.0	98.5	19.7	0.0	247	12	4	19.5
2019-05-08 10:00	21.1	21.7	60.6	31.0	98.3	19.9	0.0	255	12	4	19.6
2019-05-08 10:15	21.2	21.7	60.6	37.0	98.6	20.2	0.2	268	9	4	20.0
2019-05-08 10:30	21.3	21.7	60.4	32.0	98.2	20.7	0.0	275	17	4	20.4
2019-05-08 10:45	21.3	21.8	59.8	19.0	98.0	20.8	0.0	280	11	4	20.5
2019-05-08 11:00	21.4	21.8	59.9	24.0	98.2	20.9	0.0	289	8	3	20.6
2019-05-08 11:15	21.5	21.8	59.9	31.0	97.9	21.2	0.0	292	9	4	20.9
2019-05-08 11:30	21.6	21.9	59.9	23.0	98.1	21.3	0.0	296	11	4	21.0
2019-05-08 11:45	21.7	21.9	59.9	8.0	98.3	21.4	0.0	290	12	6	21.1
2019-05-08 12:00	21.7	22.0	59.9	4.0	98.9	21.3	0.2	271	11	4	21.1
2019-05-08 12:15	21.6	22.0	61.4	0.0	97.9	19.1	14.4	100	40	20	18.8
2019-05-08 12:30	21.2	21.9	62.1	1.0	99.3	17.7	4.8	131	54	33	17.6
2019-05-08 12:45	20.9	21.8	61.9	0.0	99.8	17.5	4.8	146	28	14	17.5
2019-05-08 13:00	20.7	21.6	61.9	1.0	99.9	17.4	2.0	175	19	8	17.4
2019-05-08 13:15	20.6	21.5	61.9	2.0	99.9	17.4	1.2	177	11	3	17.4
2019-05-08 13:30	20.6	21.4	61.9	3.0	99.9	17.6	0.2	234	14	1	17.6
2019-05-08 13:45	20.6	21.4	61.9	7.0	99.9	17.6	0.0	225	16	4	17.6
2019-05-08 14:00	20.6	21.3	62.1	10.0	99.8	17.6	0.0	238	14	6	17.6
2019-05-08 14:15	20.6	21.3	62.1	20.0	99.8	17.6	0.0	224	11	4	17.6
2019-05-08 14:30	20.5	21.3	62.1	35.0	99.6	17.6	0.0	225	14	6	17.5
2019-05-08 14:45	20.4	21.2	62.1	41.0	99.8	17.6	0.0	242	14	4	17.6
2019-05-08 15:00	20.4	21.2	61.9	52.0	99.8	17.7	0.0	264	11	4	17.7
2019-05-08 15:15	20.4	21.2	62.1	113.0	99.7	17.9	0.0	282	9	4	17.9
2019-05-08 15:30	20.7	21.2	61.9	214.0	99.3	18.4	0.0	283	17	6	18.3
2019-05-08 15:45	21.2	21.2	61.9	462.0	97.6	19.4	0.0	295	12	6	19.0
2019-05-08 16:00	22.2	21.5	61.7	503.0	95.5	20.2	0.0	307	12	6	19.5
2019-05-08 16:15	23.0	21.9	61.9	360.0	95.4	20.2	0.0	297	14	6	19.4
2019-05-08 16:30	23.5	22.4	61.5	541.0	92.9	21.1	0.0	296	12	6	19.9
2019-05-08 16:45	24.1	22.8	61.7	362.0	91.5	21.3	0.0	288	14	4	19.9
2019-05-08 17:00	24.4	23.2	61.9	412.0	90.1	21.6	0.0	313	9	4	19.9
2019-05-08 17:15	24.7	23.4	61.9	286.0	89.9	21.6	0.0	310	8	3	19.9
2019-05-08 17:30	24.7	23.7	61.9	273.0	88.9	21.8	0.0	307	6	3	19.9
2019-05-08 17:45	24.7	23.8	61.9	281.0	88.3	21.9	0.0	313	8	3	19.9
2019-05-08 18:00	24.8	23.9	61.9	445.0	85.1	22.7	0.0	317	11	3	20.1
2019-05-08 18:15	25.1	24.1	61.9	400.0	84.3	23.2	0.0	327	8	3	20.4
2019-05-08 18:30	25.1	24.3	62.1	324.0	82.7	23.5	0.0	312	8	3	20.4
2019-05-08 18:45	25.0	24.4	61.9	264.0	84.0	23.2	0.0	327	6	3	20.3
2019-05-08 19:00	24.7	24.4	61.9	195.0	82.8	23.3	0.0	242	4	0	20.2
2019-05-08 19:15	24.3	24.4	62.1	118.0	82.9	23.3	0.0	56	4	0	20.2
2019-05-08 19:30	23.9	24.3	62.1	85.0	83.7	22.9	0.0	19	4	0	20.0
2019-05-08 19:45	23.5	24.1	62.5	43.0	87.2	22.1	0.0	302	4	0	19.9
2019-05-08 20:00	23.2	23.8	62.6	19.0	90.5	21.1	0.0	343	1	0	19.5
2019-05-08 20:15	22.8	23.6	62.6	6.0	94.2	20.4	0.0	344	0	0	19.4
2019-05-08 20:30	22.5	23.4	62.6	0.0	97.1	19.4	0.0	344	0	0	18.9
2019-05-08 20:45	22.2	23.2	62.6	0.0	98.6	19.2	0.0	344	0	0	19.0
2019-05-08 21:00	22.0	23.0	62.6	0.0	99.2	19.0	0.0	50	1	0	18.9
2019-05-08 21:15	21.8	22.8	62.6	0.0	99.5	19.1	0.0	53	1	0	19.0
2019-05-08 21:30	21.7	22.7	62.6	0.0	99.7	18.7	0.0	53	1	0	18.7
2019-05-08 21:45	21.4	22.5	62.6	0.0	99.9	18.4	0.0	53	0	0	18.4
2019-05-08 22:00	21.3	22.3	62.6	0.0	99.9	18.4	0.0	53	0	0	18.4
2019-05-08 22:15	21.1	22.2	62.6	0.0	99.9	18.8	0.0	53	0	0	18.8
2019-05-08 22:30	21.0	22.0	62.6	0.0	99.8	19.1	0.0	170	1	0	19.1
2019-05-08 22:45	20.9	21.9	62.6	0.0	99.3	19.2	0.0	173	0	0	19.1
2019-05-08 23:00	20.8	21.8	62.6	0.0	99.5	19.6	0.0	182	1	0	19.5
2019-05-08 23:15	20.8	21.7	62.8	0.0	99.3	19.8	0.0	218	3	0	19.7
2019-05-08 23:30	20.8	21.6	62.6	0.0	98.7	20.2	0.0	227	6	1	20.0
2019-05-08 23:45	20.9	21.6	62.6	0.0	98.1	20.4	0.0	214	4	0	20.1
2019-05-09 00:00	21.0	21.6	62.6	0.0	98.0	20.4	0.0	238	6	1	20.1
2019-05-09 00:15	21.1	21.6	62.6	0.0	97.9	20.6	0.0	232	3	0	20.3
2019-05-09 00:30	21.2	21.6	62.6	0.0	97.9	20.6	0.0	228	3	0	20.3
2019-05-09 00:45	21.2	21.7	62.6	0.0	98.3	20.7	0.0	224	3	0	20.4
2019-05-09 01:00	21.3	21.7	62.6	0.0	98.6	20.8	0.0	228	3	0	20.6
2019-05-09 01:15	21.3	21.7	62.6	0.0	98.7	20.8	0.0	228	1	0	20.6
2019-05-09 01:30	21.3	21.7	62.6	0.0	98.7	20.8	0.0	228	1	0	20.6
2019-05-09 01:45	21.4	21.7	62.8	0.0	98.8	20.8	0.0	244	1	0	20.6
2019-05-09 02:00	21.4	21.8	62.6	0.0	99.0	20.8	0.0	247	0	0	20.6
2019-05-09 02:15	21.4	21.8	62.6	0.0	99.1	20.9	0.0	247	0	0	20.8
2019-05-09 02:30	21.4	21.8	62.6	0.0	99.0	20.9	0.0	247	3	0	20.7
2019-05-09 02:45	21.5	21.8	62.6	0.0	99.3	20.9	0.0	266	4	0	20.8
2019-05-09 03:00	21.5	21.8	62.6	0.0	99.7	20.9	0.0	276	3	0	20.9
2019-05-09 03:15	21.5	21.8	62.6	0.0	99.8	20.9	0.0	283	4	0	20.9
2019-05-09 03:30	21.6	21.8	62.6	0.0	99.9	20.9	0.0	283	4	0	20.9
2019-05-09 03:45	21.6	21.8	62.6	0.0	99.9	20.9	0.0	279	6	1	20.9
2019-05-09 04:00	21.6	21.9	62.6	0.0	99.9	20.9	0.0	268	4	0	20.9
2019-05-09 04:15	21.6	21.9	62.6	0.0	99.9	21.0	0.0	283	4	1	21.0
2019-05-09 04:30	21.6	21.9	62.6	0.0	99.9	21.2	0.0	293	8	1	21.2
2019-05-09 04:45	21.6	21.9	62.8	0.0	99.9	21.4	0.0	300	4	1	21.4
2019-05-09 05:00	21.6	21.9	62.6	0.0	99.9	21.5	0.0	310	8	1	21.5
2019-05-09 05:15	21.7	21.9	62.6	0.0	99.9	21.7	0.0	323	8	1	21.7
2019-05-09 05:30	21.7	21.9	62.6	0.0	99.9	21.7	0.0	326	4	0	21.7
2019-05-09 05:45	21.7	21.9	62.6	0.0	99.9	21.7	0.0	341	3	0	21.7
2019-05-09 06:00	21.7	21.9	62.6	0.0	99.9	21.7	0.0	350	1	0	21.7
2019-05-09 06:15	21.7	22.0	62.6	0.0	99.9	21.5	0.0	327	1	0	21.5
2019-05-09 06:30	21.6	21.9	62.8	0.0	99.9	21.4	0.0	354	1	0	21.4
2019-05-09 06:45	21.5	21.9	62.6	1.0	99.9	21.2	0.0	354	1	0	21.2
2019-05-09 07:00	21.5	21.9	62.6	8.0	99.9	21.2	0.0	355	0	0	21.2
2019-05-09 07:15	21.6	21.9	62.8	34.0	99.9	21.3	0.0	354	1	0	21.3
2019-05-09 07:30	21.6	21.9	62.6	54.0	99.9	21.8	0.0	358	3	0	21.8
2019-05-09 07:45	21.7	21.9	62.6	106.0	99.9	22.1	0.0	360	1	0	22.1
2019-05-09 08:00	21.9	21.9	62.6	136.0	99.8	22.7	0.0	360	1	0	22.7
2019-05-09 08:15	22.2	22.0	62.3	204.0	98.3	23.3	0.0	39	3	0	23.0
2019-05-09 08:30	22.7	22.2	62.1	208.0	96.3	23.6	0.0	309	3	0	23.0
2019-05-09 08:45	23.1	22.4	62.1	91.0	96.9	23.5	0.0	66	9	3	23.0
2019-05-09 09:00	23.2	22.6	62.6	23.0	97.1	23.1	0.0	87	12	4	22.6
2019-05-09 09:15	23.1	22.7	62.6	90.0	96.7	23.1	0.0	100	14	6	22.5
2019-05-09 09:30	23.3	22.8	62.5	315.0	94.4	23.7	0.0	114	14	6	22.7
2019-05-09 09:45	23.9	22.9	62.1	475.0	90.8	24.3	0.0	111	22	11	22.7
2019-05-09 10:00	24.7	23.2	62.1	536.0	87.1	24.7	0.0	124	19	11	22.4
2019-05-09 10:15	25.4	23.6	62.1	607.0	84.6	25.1	0.0	115	16	9	22.3
2019-05-09 10:30	26.1	24.1	62.3	594.0	83.0	25.3	0.0	120	14	9	22.2
2019-05-09 10:45	26.7	24.4	62.3	678.0	81.9	25.7	0.0	118	17	9	22.4
2019-05-09 11:00	27.2	24.9	62.6	727.0	80.2	25.9	0.0	115	20	11	22.2
2019-05-09 11:15	27.6	25.3	62.5	741.0	79.7	25.9	0.0	122	19	11	22.1
2019-05-09 11:30	28.1	25.6	62.6	864.0	77.2	26.6	0.0	121	17	11	22.3
2019-05-09 11:45	28.8	26.0	62.3	925.0	74.2	27.6	0.0	156	12	6	22.6
2019-05-09 12:00	29.3	26.4	62.5	524.0	75.2	26.8	0.0	136	17	8	22.0
2019-05-09 12:15	29.4	26.8	62.3	715.0	73.4	27.2	0.0	117	16	8	22.0
2019-05-09 12:30	29.6	27.0	62.3	592.0	71.6	27.6	0.0	122	12	6	22.0
2019-05-09 12:45	29.6	27.2	62.3	668.0	70.9	27.8	0.0	127	12	6	22.0
2019-05-09 13:00	29.9	27.4	62.3	826.0	69.3	28.4	0.0	132	14	4	22.2
2019-05-09 13:15	30.2	27.6	62.3	508.0	70.2	27.7	0.0	122	12	6	21.8
2019-05-09 13:30	30.1	27.8	62.3	514.0	68.7	28.0	0.0	138	11	3	21.7
2019-05-09 13:45	30.1	27.9	62.3	608.0	67.3	28.4	0.0	148	9	3	21.8
2019-05-09 14:00	30.3	28.0	62.3	708.0	66.3	28.8	0.0	166	9	3	21.9
2019-05-09 14:15	30.5	28.2	62.3	515.0	65.6	28.7	0.0	201	11	3	21.6
2019-05-09 14:30	30.2	28.3	62.8	319.0	68.6	28.1	0.0	163	8	3	21.8
2019-05-09 14:45	29.7	28.3	63.2	276.0	70.4	27.8	0.0	196	8	1	21.9
2019-05-09 15:00	29.2	28.1	63.0	178.0	71.7	27.3	0.0	193	9	1	21.7
2019-05-09 15:15	28.6	27.9	62.8	130.0	72.5	26.9	0.0	180	8	3	21.5
2019-05-09 15:30	28.1	27.7	62.3	110.0	74.7	26.6	0.0	175	9	3	21.7
2019-05-09 15:45	27.6	27.4	62.1	164.0	75.7	26.4	0.0	159	11	4	21.8
2019-05-09 16:00	27.4	27.2	62.1	234.0	74.7	26.5	0.0	146	17	6	21.6
2019-05-09 16:15	27.2	26.9	62.1	226.0	76.4	25.9	0.0	135	25	12	21.4
2019-05-09 16:30	26.8	26.8	62.1	176.0	75.3	25.4	0.0	127	22	14	20.7
2019-05-09 16:45	26.3	26.6	62.1	164.0	74.7	25.1	0.0	122	24	14	20.3
2019-05-09 17:00	26.0	26.3	61.9	160.0	74.1	24.9	0.0	124	20	14	20.0
2019-05-09 17:15	25.6	26.1	61.9	105.0	74.4	24.6	0.0	129	20	11	19.7
2019-05-09 17:30	25.3	25.9	61.9	68.0	75.2	24.4	0.0	132	20	11	19.7
2019-05-09 17:45	24.9	25.6	61.9	28.0	78.1	23.7	0.0	112	24	14	19.7
2019-05-09 18:00	24.5	25.4	62.1	30.0	82.0	22.6	0.0	132	32	19	19.4
2019-05-09 18:15	24.1	25.1	62.1	32.0	82.0	22.0	0.0	101	25	14	18.8
2019-05-09 18:30	23.8	24.8	62.1	19.0	82.7	21.3	0.0	111	30	16	18.2
2019-05-09 18:45	23.4	24.6	61.9	20.0	83.7	20.8	0.0	129	28	12	17.9
2019-05-09 19:00	23.1	24.3	62.1	15.0	84.0	20.4	0.0	114	24	14	17.6
2019-05-09 19:15	22.8	24.1	62.1	17.0	84.6	19.6	0.0	104	28	12	16.9
2019-05-09 19:30	22.6	23.9	62.1	28.0	84.8	18.9	0.0	110	38	22	16.3
2019-05-09 19:45	22.1	23.6	62.1	18.0	85.1	18.3	0.0	108	33	19	15.8
2019-05-09 20:00	21.8	23.3	62.1	5.0	85.2	17.8	0.0	117	32	17	15.3
2019-05-09 20:15	21.4	23.1	61.9	1.0	85.5	17.7	0.0	122	28	14	15.2
2019-05-09 20:30	21.1	22.8	62.1	0.0	85.7	17.7	0.0	122	27	17	15.3
2019-05-09 20:45	20.8	22.6	62.1	0.0	86.1	17.6	0.0	132	24	16	15.2
2019-05-09 21:00	20.6	22.3	62.1	0.0	86.0	17.5	0.0	121	25	16	15.1
2019-05-09 21:15	20.3	22.1	62.1	0.0	85.2	17.4	0.0	138	33	16	14.9
2019-05-09 21:30	20.2	21.9	61.9	0.0	84.4	17.4	0.0	128	28	17	14.7
2019-05-09 21:45	20.0	21.7	62.1	0.0	84.5	17.3	0.0	127	24	14	14.7
2019-05-09 22:00	19.9	21.6	61.9	0.0	84.6	17.2	0.0	125	28	16	14.6
2019-05-09 22:15	19.7	21.4	61.9	0.0	83.7	16.9	0.0	142	25	16	14.1
2019-05-09 22:30	19.5	21.2	61.9	0.0	84.1	16.9	0.0	138	27	16	14.2
2019-05-09 22:45	19.3	21.1	61.9	0.0	84.1	16.7	0.0	131	22	14	14.0
2019-05-09 23:00	19.2	20.9	61.9	0.0	84.6	16.3	0.0	139	27	14	13.7
2019-05-09 23:15	19.0	20.8	61.9	0.0	85.1	16.3	0.0	135	27	14	13.8
2019-05-09 23:30	18.9	20.6	61.7	0.0	84.6	16.3	0.0	134	25	14	13.7
2019-05-09 23:45	18.8	20.5	61.9	0.0	84.3	16.2	0.0	135	24	14	13.5
2019-05-10 00:00	18.7	20.4	61.9	0.0	85.3	16.1	0.0	129	20	12	13.6
2019-05-10 00:15	18.6	20.3	61.9	0.0	85.2	15.9	0.0	120	22	14	13.4
2019-05-10 00:30	18.5	20.2	61.9	0.0	84.7	15.8	0.0	124	25	14	13.2
2019-05-10 00:45	18.4	20.1	61.9	0.0	84.6	15.6	0.0	125	28	17	13.0
2019-05-10 01:00	18.2	20.0	61.9	0.0	84.5	15.3	0.0	125	32	19	12.7
2019-05-10 01:15	18.1	19.9	61.5	0.0	85.1	15.1	0.0	127	27	16	12.6
2019-05-10 01:30	17.9	19.8	61.2	0.0	84.7	15.1	0.0	144	24	11	12.5
2019-05-10 01:45	17.8	19.6	60.8	0.0	84.5	15.0	0.0	135	27	12	12.4
2019-05-10 02:00	17.7	19.6	60.8	0.0	82.5	14.6	0.0	131	28	19	11.7
2019-05-10 02:15	17.5	19.4	60.6	0.0	83.2	14.4	0.0	131	28	14	11.6
2019-05-10 02:30	17.3	19.3	60.4	0.0	83.1	14.2	0.0	129	30	17	11.4
2019-05-10 02:45	17.2	19.2	60.1	0.0	83.3	14.0	0.0	136	27	17	11.2
2019-05-10 03:00	17.1	19.0	60.3	0.0	83.3	13.9	0.0	139	32	19	11.1
2019-05-10 03:15	16.9	18.9	60.1	0.0	83.6	13.8	0.0	141	27	14	11.1
2019-05-10 03:30	16.9	18.8	60.1	0.0	83.4	13.7	0.0	135	24	14	10.9
2019-05-10 03:45	16.8	18.6	60.3	0.0	82.9	13.6	0.0	129	24	16	10.7
2019-05-10 04:00	16.7	18.6	60.3	0.0	82.8	13.2	0.0	121	24	12	10.3
2019-05-10 04:15	16.6	18.4	60.1	0.0	82.9	13.2	0.0	125	19	12	10.4
2019-05-10 04:30	16.4	18.3	60.1	0.0	82.3	13.1	0.0	129	25	14	10.1
2019-05-10 04:45	16.3	18.2	59.9	0.0	82.0	12.8	0.0	134	27	17	9.8
2019-05-10 05:00	16.2	18.1	60.1	0.0	82.1	12.6	0.0	131	27	17	9.6
2019-05-10 05:15	16.0	18.0	60.1	0.0	82.6	12.6	0.0	128	24	14	9.7
2019-05-10 05:30	15.9	17.8	60.1	0.0	82.9	12.4	0.0	124	25	14	9.6
2019-05-10 05:45	15.8	17.8	60.1	0.0	83.5	12.4	0.0	134	27	12	9.7
2019-05-10 06:00	15.7	17.7	60.1	0.0	83.6	12.4	0.0	124	22	12	9.7
2019-05-10 06:15	15.7	17.6	60.1	0.0	83.4	12.3	0.0	132	20	12	9.6
2019-05-10 06:30	15.6	17.5	60.1	0.0	83.2	12.2	0.0	125	19	12	9.4
2019-05-10 06:45	15.5	17.4	60.1	0.0	84.3	11.9	0.0	131	20	11	9.3
2019-05-10 07:00	15.4	17.3	60.1	0.0	84.8	11.9	0.0	134	20	11	9.4
2019-05-10 07:15	15.4	17.2	60.1	3.0	83.4	12.0	0.0	132	20	11	9.3
2019-05-10 07:30	15.3	17.2	60.1	18.0	84.8	11.8	0.0	136	19	8	9.3
2019-05-10 07:45	15.3	17.1	60.1	21.0	88.7	11.3	0.0	128	20	12	9.5
2019-05-10 08:00	15.3	17.1	60.1	24.0	88.8	11.3	0.0	127	17	9	9.5
2019-05-10 08:15	15.3	17.1	60.1	35.0	88.2	11.4	0.0	121	16	9	9.5
2019-05-10 08:30	15.3	17.0	60.1	50.0	86.4	11.5	0.0	120	19	11	9.3
2019-05-10 08:45	15.3	17.0	60.1	59.0	86.3	11.4	0.0	122	22	12	9.2
2019-05-10 09:00	15.3	16.9	60.1	65.0	90.2	10.9	0.0	121	22	14	9.4
2019-05-10 09:15	15.3	16.9	60.1	82.0	91.6	10.9	0.0	117	17	11	9.6
2019-05-10 09:30	15.4	16.9	60.1	120.0	91.0	11.1	0.0	112	20	11	9.7
2019-05-10 09:45	15.6	16.9	60.1	136.0	88.9	11.1	0.0	121	22	14	9.3
2019-05-10 10:00	15.7	17.0	60.1	151.0	88.5	11.4	0.0	121	20	12	9.6
2019-05-10 10:15	15.9	17.0	59.5	235.0	86.5	11.9	0.0	122	19	12	9.7
2019-05-10 10:30	16.2	17.1	59.5	184.0	86.1	11.9	0.0	121	20	12	9.6
2019-05-10 10:45	16.4	17.2	59.5	365.0	84.2	12.6	0.0	122	27	16	10.0
2019-05-10 11:00	16.8	17.3	59.8	319.0	83.7	12.8	0.0	131	22	14	10.1
2019-05-10 11:15	17.1	17.5	59.8	280.0	83.3	12.9	0.0	124	19	14	10.1
2019-05-10 11:30	17.3	17.7	59.8	316.0	82.2	13.3	0.0	129	17	11	10.3
2019-05-10 11:45	17.6	17.9	59.8	297.0	80.5	13.7	0.0	148	14	8	10.4
2019-05-10 12:00	17.8	18.1	59.9	343.0	79.6	14.1	0.0	142	17	8	10.6
2019-05-10 12:15	18.2	18.2	59.8	357.0	79.3	14.5	0.0	135	14	8	11.0
2019-05-10 12:30	18.6	18.4	59.9	434.0	79.3	14.7	0.0	131	17	9	11.2
2019-05-10 12:45	19.0	18.7	59.8	403.0	78.8	14.9	0.0	134	17	9	11.2
2019-05-10 13:00	19.3	18.9	59.9	377.0	78.8	14.9	0.0	127	14	8	11.2
2019-05-10 13:15	19.6	19.2	59.9	329.0	78.8	14.9	0.0	122	14	6	11.2
2019-05-10 13:30	19.6	19.3	59.9	344.0	79.1	15.2	0.0	136	16	8	11.6
2019-05-10 13:45	19.8	19.5	59.9	450.0	78.9	15.3	0.0	110	22	9	11.7
2019-05-10 14:00	20.4	19.7	59.9	611.0	77.2	16.0	0.0	112	20	11	12.0
2019-05-10 14:15	20.9	19.9	59.9	537.0	77.7	16.0	0.0	121	16	9	12.1
2019-05-10 14:30	21.3	20.2	59.8	596.0	76.6	16.3	0.0	122	19	9	12.2
2019-05-10 14:45	21.8	20.5	59.8	637.0	76.4	16.8	0.0	108	17	11	12.6
2019-05-10 15:00	22.3	20.8	59.9	611.0	76.1	16.8	0.0	107	17	11	12.6
2019-05-10 15:15	22.6	21.2	59.9	557.0	76.0	16.9	0.0	124	19	11	12.6
2019-05-10 15:30	22.8	21.4	59.8	582.0	75.4	17.2	0.0	118	17	11	12.8
2019-05-10 15:45	22.9	21.6	59.9	474.0	75.1	17.4	0.0	127	17	8	12.9
2019-05-10 16:00	22.9	21.8	59.9	362.0	75.1	17.5	0.0	134	14	4	13.0
2019-05-10 16:15	22.8	21.9	59.9	343.0	75.8	17.5	0.0	132	14	8	13.2
2019-05-10 16:30	22.7	22.0	59.9	364.0	76.3	17.6	0.0	124	16	8	13.4
2019-05-10 16:45	22.6	22.1	59.9	302.0	75.8	17.5	0.0	135	14	6	13.2
2019-05-10 17:00	22.4	22.1	59.9	223.0	76.6	17.4	0.0	136	11	6	13.2
2019-05-10 17:15	22.1	22.0	60.4	132.0	77.2	17.0	0.0	156	9	4	13.0
2019-05-10 17:30	21.7	21.9	60.6	154.0	77.6	17.0	0.0	151	12	4	13.1
2019-05-10 17:45	21.3	21.7	60.4	175.0	78.2	16.9	0.0	144	16	8	13.1
2019-05-10 18:00	21.2	21.6	60.3	185.0	78.0	16.9	0.0	135	17	9	13.0
2019-05-10 18:15	21.0	21.4	60.1	189.0	77.8	17.1	0.0	146	16	8	13.2
2019-05-10 18:30	20.8	21.3	60.3	137.0	78.0	16.8	0.0	145	12	6	12.9
2019-05-10 18:45	20.6	21.2	59.9	82.0	79.5	16.5	0.0	145	12	6	12.9
2019-05-10 19:00	20.3	21.1	59.9	84.0	79.4	16.5	0.0	158	12	6	12.9
2019-05-10 19:15	20.1	20.9	59.9	62.0	79.9	16.4	0.0	165	11	6	12.9
2019-05-10 19:30	19.8	20.8	59.9	21.0	81.5	16.1	0.0	162	14	4	12.9
2019-05-10 19:45	19.5	20.6	59.8	12.0	83.0	15.8	0.0	144	12	8	12.9
2019-05-10 20:00	19.2	20.4	59.8	2.0	83.6	15.6	0.0	136	12	6	12.8
2019-05-10 20:15	18.9	20.3	59.8	0.0	83.7	15.5	0.0	146	12	6	12.8
2019-05-10 20:30	18.7	20.1	59.8	0.0	84.2	15.3	0.0	148	9	4	12.6
2019-05-10 20:45	18.6	19.9	59.5	0.0	84.9	15.3	0.0	145	9	4	12.8
2019-05-10 21:00	18.4	19.8	59.8	0.0	84.9	15.2	0.0	152	11	4	12.7
2019-05-10 21:15	18.3	19.6	59.5	0.0	85.4	15.1	0.0	149	12	4	12.7
2019-05-10 21:30	18.2	19.5	59.5	0.0	85.4	15.1	0.0	146	12	6	12.7
2019-05-10 21:45	18.1	19.4	59.5	0.0	85.5	15.0	0.0	144	12	4	12.6
2019-05-10 22:00	17.9	19.3	59.5	0.0	85.8	14.9	0.0	146	9	3	12.5
2019-05-10 22:15	17.8	19.2	59.5	0.0	85.7	14.8	0.0	146	8	3	12.4
2019-05-10 22:30	17.8	19.1	59.4	0.0	86.7	14.7	0.0	132	11	4	12.5
2019-05-10 22:45	17.7	19.0	59.5	0.0	87.4	14.7	0.0	134	9	3	12.6
2019-05-10 23:00	17.6	18.9	59.5	0.0	86.7	14.8	0.0	129	12	4	12.6
2019-05-10 23:15	17.6	18.9	59.5	0.0	87.3	14.6	0.0	114	8	3	12.5
2019-05-10 23:30	17.5	18.8	59.8	0.0	87.3	14.7	0.0	120	9	3	12.6
2019-05-10 23:45	17.5	18.7	59.5	0.0	88.4	14.6	0.0	100	6	1	12.7
2019-05-11 00:00	17.5	18.7	59.5	0.0	88.9	14.5	0.0	103	4	1	12.7
2019-05-11 00:15	17.5	18.7	59.5	0.0	89.5	14.4	0.0	88	6	1	12.7
2019-05-11 00:30	17.5	18.7	59.5	0.0	89.6	14.4	0.0	96	4	1	12.7
2019-05-11 00:45	17.5	18.6	59.5	0.0	90.2	14.2	0.0	98	9	3	12.6
2019-05-11 01:00	17.4	18.6	59.5	0.0	91.3	13.8	0.0	91	16	6	12.4
2019-05-11 01:15	17.3	18.6	59.5	0.0	93.7	13.6	0.0	91	11	6	12.6
2019-05-11 01:30	17.3	18.5	59.5	0.0	96.0	13.2	0.2	93	12	6	12.6
2019-05-11 01:45	17.2	18.4	59.8	0.0	97.5	13.2	0.0	94	12	6	12.8
2019-05-11 02:00	17.1	18.3	60.3	0.0	97.8	13.2	0.2	97	12	6	12.9
2019-05-11 02:15	17.1	18.3	60.3	0.0	97.9	13.2	0.0	105	16	6	12.9
2019-05-11 02:30	17.0	18.2	60.3	0.0	98.1	13.3	0.0	103	8	4	13.0
2019-05-11 02:45	16.9	18.2	60.3	0.0	98.0	13.3	0.0	105	11	6	13.0
2019-05-11 03:00	16.9	18.1	60.3	0.0	97.9	13.3	0.0	108	14	4	13.0
2019-05-11 03:15	16.9	18.1	60.3	0.0	97.9	13.4	0.0	117	12	6	13.1
2019-05-11 03:30	16.8	18.1	60.1	0.0	97.6	13.3	0.0	110	14	8	12.9
2019-05-11 03:45	16.8	18.0	60.3	0.0	98.1	13.3	0.0	98	11	4	13.0
2019-05-11 04:00	16.8	17.9	60.4	0.0	97.7	13.2	0.0	111	16	8	12.8
2019-05-11 04:15	16.7	17.9	60.3	0.0	98.0	13.2	0.0	108	12	6	12.9
2019-05-11 04:30	16.6	17.8	60.1	0.0	97.5	13.1	0.0	117	17	8	12.7
2019-05-11 04:45	16.6	17.8	60.1	0.0	98.0	13.0	0.0	108	14	6	12.7
2019-05-11 05:00	16.6	17.7	59.9	0.0	98.3	13.1	0.0	108	11	6	12.8
2019-05-11 05:15	16.6	17.7	59.9	0.0	98.2	13.1	0.0	103	16	6	12.8
2019-05-11 05:30	16.6	17.7	59.9	0.0	98.3	13.1	0.0	101	11	6	12.8
2019-05-11 05:45	16.5	17.7	59.9	0.0	98.8	13.1	0.0	104	9	6	12.9
2019-05-11 06:00	16.5	17.6	59.8	0.0	98.9	13.2	0.0	98	9	4	13.0
2019-05-11 06:15	16.5	17.6	59.8	0.0	99.1	13.2	0.0	84	9	4	13.1
2019-05-11 06:30	16.6	17.6	59.8	0.0	98.9	13.2	0.0	79	12	6	13.0
2019-05-11 06:45	16.6	17.6	59.8	0.0	98.9	13.2	0.0	73	12	6	13.0
2019-05-11 07:00	16.6	17.6	59.9	0.0	98.9	13.3	0.5	73	19	11	13.1
2019-05-11 07:15	16.5	17.6	61.0	3.0	99.1	13.3	0.2	81	14	6	13.2
2019-05-11 07:30	16.5	17.5	61.0	15.0	98.3	13.3	0.0	81	14	8	13.0
2019-05-11 07:45	16.6	17.5	61.2	18.0	97.4	13.4	0.0	86	14	8	13.0
2019-05-11 08:00	16.6	17.5	61.0	26.0	96.7	13.4	0.0	97	17	8	12.9
2019-05-11 08:15	16.6	17.5	61.0	13.0	96.4	13.3	0.0	98	11	4	12.7
2019-05-11 08:30	16.6	17.5	60.4	13.0	96.3	13.4	0.0	144	8	1	12.8
2019-05-11 08:45	16.6	17.5	60.4	17.0	96.9	13.6	0.2	193	6	1	13.1
2019-05-11 09:00	16.7	17.5	60.3	46.0	97.3	13.8	0.0	110	12	4	13.4
2019-05-11 09:15	16.8	17.5	60.4	62.0	97.1	13.8	0.0	94	12	6	13.3
2019-05-11 09:30	16.9	17.6	60.4	76.0	95.4	14.1	0.0	114	11	6	13.4
2019-05-11 09:45	17.0	17.7	60.3	90.0	94.6	14.2	0.0	111	12	6	13.3
2019-05-11 10:00	17.1	17.7	60.4	76.0	94.8	14.2	0.0	121	11	6	13.4
2019-05-11 10:15	17.2	17.8	60.4	58.0	95.0	14.3	0.0	120	9	4	13.5
2019-05-11 10:30	17.2	17.8	60.4	94.0	94.7	14.4	0.0	129	12	6	13.6
2019-05-11 10:45	17.3	17.9	60.4	130.0	96.4	14.4	0.0	149	9	3	13.8
2019-05-11 11:00	17.6	17.9	60.4	105.0	97.0	14.4	0.2	203	9	1	13.9
2019-05-11 11:15	17.6	18.1	60.6	16.0	97.8	14.2	0.2	193	6	1	13.9
2019-05-11 11:30	17.4	18.1	61.7	27.0	98.8	14.1	8.3	139	6	1	13.9
2019-05-11 11:45	17.2	18.0	61.9	121.0	99.0	14.4	0.7	105	6	1	14.2
2019-05-11 12:00	17.4	18.0	62.1	128.0	98.5	14.7	0.0	74	8	3	14.5
2019-05-11 12:15	17.8	18.1	62.1	172.0	97.6	14.8	0.0	96	14	6	14.4
2019-05-11 12:30	18.1	18.2	62.1	103.0	96.5	14.9	0.0	97	12	6	14.3
2019-05-11 12:45	18.1	18.3	61.9	15.0	96.6	14.7	0.7	76	17	6	14.2
2019-05-11 13:00	17.9	18.4	61.9	144.0	97.7	14.7	1.0	86	17	8	14.3
2019-05-11 13:15	18.2	18.4	62.1	409.0	96.1	15.7	0.0	90	16	9	15.1
2019-05-11 13:30	19.1	18.6	62.1	234.0	94.0	15.7	0.0	97	19	8	14.7
2019-05-11 13:45	19.4	18.9	62.1	287.0	93.7	15.9	0.0	87	14	8	14.9
2019-05-11 14:00	19.7	19.1	62.1	187.0	93.4	15.5	0.0	91	19	9	14.4
2019-05-11 14:15	19.9	19.4	62.1	300.0	92.7	15.8	0.0	94	19	9	14.6
2019-05-11 14:30	20.1	19.6	62.1	221.0	91.7	15.6	0.0	94	17	9	14.3
2019-05-11 14:45	20.2	19.7	62.1	271.0	91.2	15.7	0.0	96	16	9	14.3
2019-05-11 15:00	20.3	19.8	62.1	242.0	91.0	15.7	0.0	108	19	9	14.2
2019-05-11 15:15	20.2	19.9	62.1	197.0	91.9	15.5	0.0	107	14	9	14.2
2019-05-11 15:30	20.1	20.0	62.5	154.0	92.6	15.5	0.0	103	17	8	14.3
2019-05-11 15:45	19.9	20.0	62.6	164.0	92.1	15.6	0.0	105	14	8	14.3
2019-05-11 16:00	20.1	20.0	62.1	354.0	88.6	16.6	0.0	112	19	8	14.7
2019-05-11 16:15	20.3	20.0	62.3	224.0	89.1	16.4	0.0	117	16	8	14.6
2019-05-11 16:30	20.3	20.1	62.1	282.0	87.5	16.8	0.0	120	12	8	14.7
2019-05-11 16:45	20.4	20.2	62.1	182.0	88.1	16.7	0.0	125	14	8	14.7
2019-05-11 17:00	20.3	20.3	62.6	104.0	89.4	16.4	0.0	122	12	6	14.7
2019-05-11 17:15	20.1	20.2	62.6	150.0	87.1	16.7	0.0	134	9	3	14.5
2019-05-11 17:30	20.1	20.2	62.6	164.0	86.0	17.1	0.0	131	6	1	14.7
2019-05-11 17:45	20.2	20.2	62.6	137.0	85.5	17.1	0.0	131	6	3	14.6
2019-05-11 18:00	20.2	20.2	62.6	127.0	85.4	17.3	0.0	176	4	0	14.8
2019-05-11 18:15	20.2	20.2	62.6	154.0	84.9	17.4	0.0	187	3	0	14.8
2019-05-11 18:30	20.2	20.2	62.6	169.0	84.9	17.6	0.0	208	3	0	15.0
2019-05-11 18:45	20.3	20.3	62.6	105.0	85.7	17.4	0.0	197	4	0	15.0
2019-05-11 19:00	20.3	20.3	62.8	90.0	86.9	17.2	0.0	196	4	1	15.0
2019-05-11 19:15	20.2	20.3	62.8	87.0	87.0	17.3	0.0	193	3	0	15.1
2019-05-11 19:30	20.1	20.3	62.8	47.0	88.2	17.2	0.0	168	1	0	15.2
2019-05-11 19:45	19.9	20.2	62.8	17.0	90.4	17.1	0.0	142	1	0	15.5
2019-05-11 20:00	19.8	20.2	62.8	8.0	91.9	16.9	0.0	132	3	0	15.6
2019-05-11 20:15	19.6	20.1	62.6	1.0	90.3	17.1	0.0	100	9	1	15.5
2019-05-11 20:30	19.4	20.0	62.8	0.0	87.1	17.2	0.0	96	8	4	15.0
2019-05-11 20:45	19.2	19.9	62.8	0.0	88.1	17.1	0.0	100	6	1	15.1
2019-05-11 21:00	19.1	19.8	62.8	0.0	88.4	17.1	0.0	107	6	1	15.2
2019-05-11 21:15	18.9	19.7	62.8	0.0	90.4	16.9	0.0	107	3	0	15.3
2019-05-11 21:30	18.9	19.6	62.6	0.0	90.8	16.8	0.0	104	3	0	15.3
2019-05-11 21:45	18.8	19.5	62.6	0.0	93.1	16.7	0.0	105	1	0	15.6
2019-05-11 22:00	18.7	19.4	62.6	0.0	91.7	16.8	0.0	107	3	0	15.4
2019-05-11 22:15	18.7	19.4	62.6	0.0	92.3	16.7	0.0	107	3	0	15.4
2019-05-11 22:30	18.7	19.3	62.8	0.0	93.6	16.6	0.0	107	1	0	15.6
2019-05-11 22:45	18.6	19.3	62.6	0.0	93.7	16.6	0.0	107	1	0	15.6
2019-05-11 23:00	18.6	19.3	62.6	0.0	92.8	16.6	0.0	98	3	0	15.4
2019-05-11 23:15	18.5	19.2	62.8	0.0	92.0	16.7	0.0	98	3	0	15.4
2019-05-11 23:30	18.4	19.2	62.6	0.0	92.5	16.7	0.0	107	3	0	15.5
2019-05-11 23:45	18.4	19.1	62.6	0.0	91.7	16.8	0.0	114	8	1	15.4
2019-05-12 00:00	18.3	19.1	62.6	0.0	91.9	16.7	0.0	114	6	1	15.4
2019-05-12 00:15	18.2	19.0	62.6	0.0	90.6	16.6	0.0	117	9	4	15.1
2019-05-12 00:30	18.1	18.9	62.6	0.0	89.4	16.5	0.0	121	11	4	14.7
2019-05-12 00:45	18.0	18.9	62.8	0.0	88.3	16.4	0.0	122	11	6	14.5
2019-05-12 01:00	17.8	18.8	62.6	0.0	88.2	16.2	0.0	118	11	6	14.2
2019-05-12 01:15	17.6	18.7	62.6	0.0	89.3	15.9	0.0	117	11	4	14.1
2019-05-12 01:30	17.4	18.6	62.6	0.0	89.8	15.7	0.0	120	8	3	14.0
2019-05-12 01:45	17.3	18.4	62.6	0.0	89.7	15.4	0.0	127	11	4	13.7
2019-05-12 02:00	17.1	18.3	62.5	0.0	89.9	15.6	0.0	127	6	3	13.9
2019-05-12 02:15	17.1	18.2	62.6	0.0	89.4	15.7	0.0	124	9	3	14.0
2019-05-12 02:30	17.1	18.1	62.6	0.0	89.3	15.7	0.0	134	9	4	13.9
2019-05-12 02:45	17.1	18.1	62.6	0.0	89.7	15.6	0.0	145	6	3	13.9
2019-05-12 03:00	17.1	18.1	62.6	0.0	88.8	15.6	0.0	156	6	1	13.8
2019-05-12 03:15	17.1	18.0	62.6	0.0	89.4	15.6	0.0	159	6	0	13.9
2019-05-12 03:30	17.1	18.0	62.6	0.0	90.8	15.5	0.0	163	3	0	14.0
2019-05-12 03:45	17.1	18.0	62.5	0.0	92.1	15.4	0.0	155	3	0	14.1
2019-05-12 04:00	17.1	17.9	62.6	0.0	92.5	15.4	0.0	125	3	0	14.2
2019-05-12 04:15	17.1	17.9	62.6	0.0	93.3	15.2	0.0	128	3	0	14.1
2019-05-12 04:30	17.1	17.9	62.5	0.0	93.4	15.1	0.0	124	4	0	14.0
2019-05-12 04:45	17.0	17.9	62.5	0.0	95.0	14.7	0.0	122	1	0	13.9
2019-05-12 05:00	16.9	17.9	62.6	0.0	96.3	13.9	0.0	122	3	0	13.3
2019-05-12 05:15	16.7	17.8	62.6	0.0	97.4	13.2	0.0	122	1	0	12.8
2019-05-12 05:30	16.4	17.7	62.8	0.0	99.0	12.8	0.0	122	0	0	12.6
2019-05-12 05:45	16.2	17.6	62.6	0.0	99.1	12.1	0.0	122	0	0	12.0
2019-05-12 06:00	16.1	17.4	62.6	0.0	99.5	11.6	0.0	122	1	0	11.5
2019-05-12 06:15	15.8	17.3	62.6	0.0	99.7	11.9	0.0	122	3	0	11.9
2019-05-12 06:30	15.7	17.1	62.6	0.0	99.8	11.8	0.0	122	0	0	11.8
2019-05-12 06:45	15.5	17.0	62.6	5.0	99.8	11.2	0.0	122	0	0	11.2
2019-05-12 07:00	15.4	16.9	62.5	35.0	99.9	12.4	0.0	91	3	0	12.4
2019-05-12 07:15	15.4	16.8	62.3	80.0	98.2	13.4	0.0	64	3	0	13.1
2019-05-12 07:30	15.4	16.7	62.3	103.0	96.5	13.8	0.0	231	4	0	13.3
2019-05-12 07:45	15.4	16.7	62.5	165.0	94.8	14.4	0.0	288	3	0	13.6
2019-05-12 08:00	15.9	16.7	62.6	205.0	93.2	14.9	0.0	42	4	0	13.8
2019-05-12 08:15	16.5	16.8	62.6	244.0	92.0	15.3	0.0	63	4	1	14.0
2019-05-12 08:30	17.1	16.9	62.6	292.0	89.3	16.2	0.0	91	9	4	14.4
2019-05-12 08:45	17.8	17.2	62.6	347.0	84.4	16.8	0.0	96	12	6	14.2
2019-05-12 09:00	18.6	17.6	62.5	402.0	81.2	17.3	0.0	98	14	9	14.0
2019-05-12 09:15	19.3	17.9	62.1	456.0	79.0	17.7	0.0	97	14	9	14.0
2019-05-12 09:30	20.0	18.4	62.1	510.0	75.7	18.2	0.0	90	22	9	13.8
2019-05-12 09:45	20.7	18.8	62.1	564.0	73.7	18.4	0.0	107	17	11	13.6
2019-05-12 10:00	21.3	19.3	62.1	619.0	72.5	18.7	0.0	100	20	11	13.7
2019-05-12 10:15	21.9	19.7	62.3	668.0	72.8	19.0	0.0	111	17	11	14.0
2019-05-12 10:30	22.4	20.1	62.3	711.0	72.0	19.4	0.0	111	20	11	14.2
2019-05-12 10:45	23.0	20.5	62.3	754.0	70.2	19.6	0.0	112	22	12	14.0
2019-05-12 11:00	23.7	20.9	62.1	794.0	69.7	19.9	0.0	103	16	9	14.2
2019-05-12 11:15	24.3	21.4	62.3	831.0	69.7	20.3	0.0	121	20	11	14.6
2019-05-12 11:30	24.7	21.8	62.6	864.0	68.9	20.4	0.0	122	24	12	14.5
2019-05-12 11:45	25.1	22.2	62.6	894.0	67.9	20.8	0.0	125	19	11	14.7
2019-05-12 12:00	25.6	22.6	62.6	924.0	66.4	21.1	0.0	110	20	12	14.6
2019-05-12 12:15	26.1	23.0	62.6	964.0	65.7	21.7	0.0	114	22	11	15.0
2019-05-12 12:30	26.4	23.4	63.0	819.0	64.7	21.4	0.0	115	24	16	14.5
2019-05-12 12:45	26.3	23.7	63.0	728.0	64.1	21.7	0.0	114	22	12	14.6
2019-05-12 13:00	26.5	23.9	63.0	951.0	63.0	22.3	0.0	114	22	12	14.9
2019-05-12 13:15	27.0	24.1	63.0	1129.0	60.7	22.8	0.0	122	22	12	14.8
2019-05-12 13:30	27.5	24.4	63.2	919.0	60.4	22.7	0.0	107	22	12	14.6
2019-05-12 13:45	27.7	24.8	63.4	950.0	60.0	23.0	0.0	122	22	12	14.8
2019-05-12 14:00	28.1	25.1	63.0	1015.0	59.4	23.5	0.0	125	24	11	15.1
2019-05-12 14:15	28.3	25.3	62.6	961.0	58.5	23.8	0.0	139	22	12	15.2
2019-05-12 14:30	28.2	25.6	62.5	877.0	58.2	23.8	0.0	128	24	11	15.1
2019-05-12 14:45	28.1	25.7	62.6	691.0	58.2	23.6	0.0	139	20	11	14.9
2019-05-12 15:00	27.6	25.8	62.3	439.0	60.2	23.1	0.0	141	17	8	15.0
2019-05-12 15:15	26.9	25.7	62.5	320.0	60.0	22.6	0.0	145	17	6	14.4
2019-05-12 15:30	26.2	25.4	62.6	330.0	60.5	22.7	0.0	155	11	4	14.7
2019-05-12 15:45	25.9	25.2	62.3	465.0	56.1	23.2	0.0	172	16	4	14.0
2019-05-12 16:00	25.8	25.0	62.3	367.0	56.5	22.9	0.0	183	11	4	13.8
2019-05-12 16:15	25.5	24.8	62.1	342.0	58.2	23.1	0.0	162	11	3	14.4
2019-05-12 16:30	25.4	24.7	62.1	402.0	59.0	23.3	0.0	159	14	4	14.8
2019-05-12 16:45	25.4	24.6	62.1	413.0	58.1	23.4	0.0	156	9	3	14.7
2019-05-12 17:00	25.4	24.6	62.1	405.0	58.8	23.3	0.0	160	11	3	14.8
2019-05-12 17:15	25.3	24.6	62.1	354.0	58.0	23.4	0.0	172	11	3	14.7
2019-05-12 17:30	25.2	24.6	62.1	295.0	59.4	22.9	0.0	176	8	3	14.6
2019-05-12 17:45	24.9	24.5	62.1	249.0	60.0	22.5	0.0	182	9	3	14.3
2019-05-12 18:00	24.6	24.4	62.1	315.0	59.3	23.1	0.0	177	8	1	14.7
2019-05-12 18:15	24.4	24.3	62.3	122.0	62.8	22.0	0.0	204	8	1	14.6
2019-05-12 18:30	23.9	24.1	62.3	285.0	61.1	22.8	0.0	190	6	1	14.9
2019-05-12 18:45	23.7	23.9	62.3	233.0	59.7	22.9	0.0	196	8	1	14.6
2019-05-12 19:00	23.3	23.8	62.6	144.0	61.6	22.6	0.0	193	4	0	14.8
2019-05-12 19:15	22.9	23.6	62.5	110.0	62.4	22.5	0.0	204	6	0	15.0
2019-05-12 19:30	22.4	23.4	62.6	89.0	63.9	22.2	0.0	225	4	0	15.0
2019-05-12 19:45	22.0	23.1	62.6	54.0	66.0	21.9	0.0	223	1	0	15.3
2019-05-12 20:00	21.7	22.9	62.6	28.0	74.3	20.9	0.0	223	0	0	16.2
2019-05-12 20:15	21.4	22.7	62.6	7.0	85.9	18.3	0.0	223	1	0	15.9
2019-05-12 20:30	21.1	22.4	62.6	0.0	89.3	17.2	0.0	223	0	0	15.4
2019-05-12 20:45	20.7	22.2	62.6	0.0	93.1	15.9	0.0	223	0	0	14.8
2019-05-12 21:00	20.4	21.9	62.8	0.0	93.7	15.7	0.0	175	3	0	14.7
2019-05-12 21:15	20.1	21.7	62.6	0.0	93.3	15.2	0.0	138	1	0	14.1
2019-05-12 21:30	19.8	21.4	62.6	0.0	93.5	15.3	0.0	138	1	0	14.3
2019-05-12 21:45	19.5	21.2	62.8	0.0	96.3	14.8	0.0	138	3	0	14.2
2019-05-12 22:00	19.3	20.9	62.6	0.0	95.3	14.4	0.0	138	1	0	13.7
2019-05-12 22:15	19.0	20.8	62.8	0.0	97.1	14.2	0.0	138	0	0	13.7
2019-05-12 22:30	18.8	20.6	62.6	0.0	96.9	14.0	0.0	138	1	0	13.5
2019-05-12 22:45	18.6	20.4	62.6	0.0	97.4	13.7	0.0	129	3	0	13.3
2019-05-12 23:00	18.4	20.2	62.3	0.0	98.3	14.2	0.0	114	0	0	13.9
2019-05-12 23:15	18.2	20.1	62.1	0.0	98.6	14.1	0.0	114	0	0	13.9
2019-05-12 23:30	18.1	19.9	62.1	0.0	98.4	13.7	0.0	114	0	0	13.5
2019-05-12 23:45	17.9	19.7	62.1	0.0	98.1	13.3	0.0	114	0	0	13.0
2019-05-13 00:00	17.8	19.6	61.9	0.0	98.5	13.1	0.0	114	0	0	12.9
2019-05-13 00:15	17.6	19.4	61.9	0.0	98.1	13.2	0.0	114	1	0	12.9
2019-05-13 00:30	17.4	19.2	61.7	0.0	98.7	12.5	0.0	114	0	0	12.3
2019-05-13 00:45	17.3	19.1	61.7	0.0	98.8	12.6	0.0	114	0	0	12.4
2019-05-13 01:00	17.2	19.0	61.5	0.0	98.5	12.4	0.0	114	1	0	12.2
2019-05-13 01:15	17.1	18.8	61.2	0.0	99.1	12.1	0.0	114	0	0	12.0
2019-05-13 01:30	16.9	18.7	61.0	0.0	99.6	12.1	0.0	114	1	0	12.0
2019-05-13 01:45	16.8	18.6	61.0	0.0	99.6	11.8	0.0	114	0	0	11.7
2019-05-13 02:00	16.7	18.4	61.0	0.0	99.6	11.9	0.0	114	0	0	11.8
2019-05-13 02:15	16.6	18.3	60.8	0.0	99.6	11.6	0.0	114	1	0	11.5
2019-05-13 02:30	16.4	18.2	60.8	0.0	99.7	11.9	0.0	114	1	0	11.9
2019-05-13 02:45	16.3	18.1	60.8	0.0	99.6	12.0	0.0	114	1	0	11.9
2019-05-13 03:00	16.2	18.0	60.8	0.0	99.2	11.8	0.0	114	1	0	11.7
2019-05-13 03:15	16.2	17.9	61.0	0.0	98.9	11.9	0.0	114	1	0	11.7
2019-05-13 03:30	16.1	17.8	61.0	0.0	97.8	12.4	0.0	114	3	0	12.1
2019-05-13 03:45	15.9	17.7	60.8	0.0	97.6	12.3	0.0	114	1	0	11.9
2019-05-13 04:00	15.9	17.6	61.0	0.0	98.1	12.4	0.0	114	1	0	12.1
2019-05-13 04:15	15.8	17.5	60.8	0.0	98.2	11.8	0.0	114	0	0	11.5
2019-05-13 04:30	15.7	17.4	60.8	0.0	98.8	12.2	0.0	31	4	0	12.0
2019-05-13 04:45	15.6	17.3	60.8	0.0	99.0	12.1	0.0	42	0	0	11.9
2019-05-13 05:00	15.6	17.2	60.8	0.0	99.6	11.7	0.0	42	0	0	11.6
2019-05-13 05:15	15.4	17.1	60.6	0.0	99.8	11.1	0.0	42	0	0	11.1
2019-05-13 05:30	15.3	17.1	60.4	0.0	99.9	11.4	0.0	42	1	0	11.4
2019-05-13 05:45	15.2	17.0	60.3	0.0	99.8	11.9	0.0	135	3	0	11.9
2019-05-13 06:00	15.2	16.9	60.3	0.0	99.8	11.4	0.0	158	1	0	11.4
2019-05-13 06:15	15.1	16.8	60.1	0.0	99.9	11.3	0.0	158	1	0	11.3
2019-05-13 06:30	15.0	16.8	60.1	0.0	99.9	11.4	0.0	158	0	0	11.4
2019-05-13 06:45	14.9	16.7	60.1	5.0	99.9	11.3	0.0	179	0	0	11.3
2019-05-13 07:00	14.9	16.6	60.1	36.0	99.9	11.7	0.0	224	0	0	11.7
2019-05-13 07:15	14.9	16.6	60.1	81.0	98.8	12.8	0.0	224	0	0	12.6
2019-05-13 07:30	15.0	16.6	60.1	123.0	95.4	14.7	0.0	128	4	0	14.0
2019-05-13 07:45	15.2	16.6	60.3	164.0	92.8	16.1	0.0	83	4	0	14.9
2019-05-13 08:00	15.8	16.6	60.3	208.0	92.2	16.7	0.0	87	3	0	15.4
2019-05-13 08:15	16.5	16.7	60.3	254.0	88.8	17.8	0.0	72	3	0	15.9
2019-05-13 08:30	17.3	17.0	59.9	302.0	84.5	18.6	0.0	70	1	0	15.9
2019-05-13 08:45	18.2	17.3	59.8	356.0	81.6	19.3	0.0	69	3	0	16.1
2019-05-13 09:00	19.1	17.8	59.9	412.0	77.8	20.3	0.0	86	3	0	16.3
2019-05-13 09:15	20.0	18.3	59.9	465.0	73.1	21.1	0.0	151	3	0	16.1
2019-05-13 09:30	20.9	18.8	59.9	520.0	70.2	21.7	0.0	336	3	0	16.0
2019-05-13 09:45	21.8	19.3	59.9	575.0	68.5	22.2	0.0	324	4	1	16.1
2019-05-13 10:00	22.6	19.9	59.9	624.0	66.5	22.4	0.0	303	6	0	15.9
2019-05-13 10:15	23.4	20.4	59.9	676.0	63.6	22.9	0.0	234	6	0	15.6
2019-05-13 10:30	24.3	21.0	60.1	721.0	61.1	23.6	0.0	326	6	0	15.7
2019-05-13 10:45	25.1	21.6	60.1	764.0	60.4	23.6	0.0	249	8	1	15.5
2019-05-13 11:00	25.8	22.2	60.4	788.0	55.4	24.4	0.0	297	6	1	14.9
2019-05-13 11:15	26.5	22.8	60.4	843.0	53.9	24.7	0.0	272	8	1	14.7
2019-05-13 11:30	27.1	23.3	60.3	879.0	52.1	25.1	0.0	248	11	3	14.6
2019-05-13 11:45	27.6	23.8	60.1	906.0	51.3	25.5	0.0	238	9	3	14.7
2019-05-13 12:00	28.2	24.3	60.1	933.0	51.8	25.8	0.0	276	9	1	15.1
2019-05-13 12:15	28.9	24.8	60.1	955.0	49.7	26.2	0.0	275	11	3	14.9
2019-05-13 12:30	29.4	25.4	60.1	973.0	46.9	26.7	0.0	265	12	3	14.4
2019-05-13 12:45	29.9	25.9	60.1	988.0	47.1	26.7	0.0	276	12	4	14.5
2019-05-13 13:00	30.4	26.3	60.1	1000.0	45.4	26.9	0.0	247	14	6	14.1
2019-05-13 13:15	30.8	26.8	60.1	1008.0	44.3	27.2	0.0	237	17	6	14.0
2019-05-13 13:30	31.2	27.2	60.1	1008.0	44.7	27.1	0.0	247	17	6	14.0
2019-05-13 13:45	31.5	27.6	60.1	1006.0	45.2	27.3	0.0	264	12	6	14.4
2019-05-13 14:00	31.9	27.9	60.1	1001.0	45.7	27.6	0.0	249	12	6	14.8
2019-05-13 14:15	32.2	28.3	60.1	991.0	45.4	27.5	0.0	232	17	6	14.6
2019-05-13 14:30	32.5	28.7	60.1	989.0	46.8	27.6	0.0	251	14	6	15.2
2019-05-13 14:45	32.8	29.0	60.1	946.0	45.9	27.5	0.0	258	14	6	14.8
