TMPL	Temperature (*C)	Temperature (*C)	Soil Moist-VWC (%VWC)	Solar Rad (wat/m2)	RH (%)	Temperature (*C)	Rainfall (mm)	Wind Dir (Deg)	Wind Gust (km/h)	Wind Speed (km/h)	Dew Point (*C)
	*C	*C	%VWC	wat/m2	%	*C	mm	Deg	km/h	km/h	*C
	TMPA	TMPB	VWCC	SRD	HMD	TMP	RNF	WND	WNG	WNS	DEW
2019-06-01 00:00	25.9	27.2	58.1	0.0	95.0	22.6	0.0	237	0	0	21.8
2019-06-01 00:15	25.8	27.1	58.1	0.0	95.6	22.6	0.0	237	0	0	21.9
2019-06-01 00:30	25.6	26.9	58.0	0.0	96.6	22.3	0.0	237	0	0	21.7
2019-06-01 00:45	25.5	26.8	57.8	0.0	97.4	22.2	0.0	237	0	0	21.8
2019-06-01 01:00	25.4	26.7	57.6	0.0	96.8	22.2	0.0	238	0	0	21.7
2019-06-01 01:15	25.3	26.6	57.6	0.0	97.2	22.1	0.0	238	0	0	21.6
2019-06-01 01:30	25.2	26.5	57.6	0.0	98.1	21.6	0.0	238	0	0	21.3
2019-06-01 01:45	25.1	26.4	57.5	0.0	98.7	21.2	0.0	238	0	0	21.0
2019-06-01 02:00	24.9	26.3	57.5	0.0	98.9	21.2	0.0	238	0	0	21.0
2019-06-01 02:15	24.8	26.2	57.5	0.0	99.1	21.0	0.0	238	0	0	20.9
2019-06-01 02:30	24.7	26.1	57.5	0.0	99.3	20.9	0.0	238	0	0	20.8
2019-06-01 02:45	24.6	25.9	57.5	0.0	99.5	20.6	0.0	238	0	0	20.5
2019-06-01 03:00	24.5	25.8	57.5	0.0	99.6	20.4	0.0	238	0	0	20.3
2019-06-01 03:15	24.3	25.8	57.5	0.0	99.8	20.6	0.0	238	0	0	20.6
2019-06-01 03:30	24.3	25.6	57.5	0.0	99.9	21.4	0.0	238	0	0	21.4
2019-06-01 03:45	24.2	25.6	57.5	0.0	99.9	21.3	0.0	238	0	0	21.3
2019-06-01 04:00	24.2	25.4	57.5	0.0	99.9	21.1	0.0	238	0	0	21.1
2019-06-01 04:15	24.1	25.4	57.5	0.0	99.9	20.9	0.0	238	0	0	20.9
2019-06-01 04:30	23.9	25.3	57.2	0.0	99.9	20.8	0.0	238	0	0	20.8
2019-06-01 04:45	23.8	25.2	57.2	0.0	99.9	20.2	0.0	238	0	0	20.2
2019-06-01 05:00	23.8	25.1	57.5	0.0	99.8	20.3	0.0	238	0	0	20.3
2019-06-01 05:15	23.6	25.1	57.2	0.0	99.9	19.6	0.0	238	0	0	19.6
2019-06-01 05:30	23.6	24.9	57.2	0.0	99.9	20.0	0.0	255	1	0	20.0
2019-06-01 05:45	23.4	24.8	57.2	0.0	99.9	20.1	0.0	264	0	0	20.1
2019-06-01 06:00	23.3	24.8	57.2	0.0	99.8	19.6	0.0	264	0	0	19.6
2019-06-01 06:15	23.3	24.7	57.2	0.0	99.8	19.4	0.0	264	1	0	19.4
2019-06-01 06:30	23.2	24.6	57.2	2.0	99.9	19.7	0.0	264	0	0	19.7
2019-06-01 06:45	23.2	24.5	57.2	12.0	99.9	19.7	0.0	264	0	0	19.7
2019-06-01 07:00	23.2	24.4	57.5	37.0	99.9	20.0	0.0	264	0	0	20.0
2019-06-01 07:15	23.2	24.4	57.2	81.0	99.9	21.0	0.0	258	0	0	21.0
2019-06-01 07:30	23.4	24.4	57.2	100.0	99.8	21.9	0.0	256	0	0	21.9
2019-06-01 07:45	23.6	24.4	57.5	160.0	96.7	23.1	0.0	256	0	0	22.5
2019-06-01 08:00	23.9	24.5	57.5	190.0	94.0	23.7	0.0	256	1	0	22.7
2019-06-01 08:15	24.3	24.6	56.9	195.0	93.1	23.9	0.0	347	1	0	22.7
2019-06-01 08:30	25.0	24.8	56.6	304.0	86.8	25.4	0.0	345	1	0	23.0
2019-06-01 08:45	25.7	25.1	56.6	350.0	84.0	26.2	0.0	278	3	0	23.3
2019-06-01 09:00	26.4	25.4	56.6	354.0	84.4	26.1	0.0	100	3	0	23.3
2019-06-01 09:15	27.0	25.8	56.6	351.0	83.1	26.6	0.0	319	4	0	23.5
2019-06-01 09:30	27.7	26.2	56.6	501.0	82.4	26.9	0.0	211	6	1	23.6
2019-06-01 09:45	28.6	26.6	56.6	531.0	80.0	27.7	0.0	338	4	1	23.9
2019-06-01 10:00	29.4	27.1	56.6	565.0	80.0	27.4	0.0	276	8	3	23.6
2019-06-01 10:15	30.2	27.6	56.4	648.0	78.1	28.1	0.0	275	8	3	23.9
2019-06-01 10:30	31.1	28.1	56.0	703.0	76.4	28.6	0.0	321	9	4	24.0
2019-06-01 10:45	31.8	28.7	56.0	648.0	76.4	28.6	0.0	273	9	3	24.0
2019-06-01 11:00	32.4	29.2	55.8	644.0	75.9	28.7	0.0	190	9	3	24.0
2019-06-01 11:15	32.9	29.7	55.8	652.0	74.2	29.2	0.0	204	8	1	24.1
2019-06-01 11:30	33.5	30.1	56.0	703.0	71.1	30.2	0.0	321	9	1	24.4
2019-06-01 11:45	34.2	30.6	56.2	727.0	69.4	30.4	0.0	273	11	1	24.2
2019-06-01 12:00	34.8	31.1	56.4	700.0	69.1	30.2	0.0	217	9	3	23.9
2019-06-01 12:15	35.2	31.5	56.6	749.0	67.5	30.7	0.0	323	8	3	24.0
2019-06-01 12:30	35.6	31.9	56.9	645.0	68.5	30.8	0.0	317	9	3	24.3
2019-06-01 12:45	36.1	32.3	56.7	871.0	66.0	31.1	0.0	273	8	3	24.0
2019-06-01 13:00	36.7	32.7	56.9	773.0	65.4	31.3	0.0	283	4	1	24.0
2019-06-01 13:15	37.1	33.1	56.9	746.0	64.9	31.7	0.0	321	8	1	24.3
2019-06-01 13:30	37.5	33.6	56.9	725.0	64.4	31.9	0.0	268	11	3	24.3
2019-06-01 13:45	37.7	33.9	57.0	725.0	64.2	32.1	0.0	271	11	1	24.5
2019-06-01 14:00	38.1	34.2	57.0	815.0	62.9	32.4	0.0	258	8	1	24.4
2019-06-01 14:15	38.8	34.6	57.0	936.0	60.9	33.0	0.0	292	12	3	24.4
2019-06-01 14:30	39.2	35.0	57.0	614.0	62.0	32.4	0.0	283	9	1	24.2
2019-06-01 14:45	39.1	35.4	57.0	723.0	60.7	32.6	0.0	232	8	1	24.0
2019-06-01 15:00	38.8	35.6	57.0	423.0	63.0	31.8	0.0	306	9	3	23.9
2019-06-01 15:15	38.4	35.7	57.0	648.0	60.9	32.2	0.0	278	9	3	23.7
2019-06-01 15:30	38.9	35.7	57.0	927.0	57.1	33.4	0.0	280	12	4	23.7
2019-06-01 15:45	39.6	35.9	57.2	859.0	58.6	33.1	0.0	296	11	4	23.9
2019-06-01 16:00	39.9	36.2	57.5	750.0	56.2	33.0	0.0	265	14	4	23.1
2019-06-01 16:15	40.1	36.5	57.5	726.0	57.0	33.3	0.0	273	12	4	23.6
2019-06-01 16:30	40.2	36.7	57.5	707.0	55.5	33.4	0.0	279	14	4	23.3
2019-06-01 16:45	39.9	36.9	57.2	359.0	57.4	32.4	0.0	266	9	4	22.9
2019-06-01 17:00	39.3	36.9	57.0	573.0	56.7	33.1	0.0	271	12	1	23.4
2019-06-01 17:15	39.4	36.8	57.5	737.0	56.9	33.7	0.0	272	14	6	24.0
2019-06-01 17:30	39.4	36.9	57.2	504.0	58.4	33.0	0.0	276	19	6	23.7
2019-06-01 17:45	39.0	36.9	57.0	470.0	57.5	32.9	0.0	289	14	6	23.4
2019-06-01 18:00	38.6	36.9	57.0	451.0	58.3	32.4	0.0	295	12	6	23.2
2019-06-01 18:15	38.1	36.7	57.0	391.0	58.7	32.5	0.0	297	12	4	23.4
2019-06-01 18:30	37.5	36.4	57.2	241.0	58.1	32.4	0.0	293	11	4	23.1
2019-06-01 18:45	36.7	36.2	57.2	183.0	56.4	32.4	0.0	280	12	4	22.6
2019-06-01 19:00	35.8	35.9	57.5	168.0	59.1	31.9	0.0	289	11	4	22.9
2019-06-01 19:15	35.0	35.4	57.8	135.0	60.2	31.4	0.0	288	14	6	22.8
2019-06-01 19:30	34.3	35.0	57.6	123.0	62.0	31.1	0.0	288	9	4	23.0
2019-06-01 19:45	33.7	34.6	57.8	93.0	63.2	30.7	0.0	283	11	4	22.9
2019-06-01 20:00	33.1	34.1	57.8	54.0	65.7	30.2	0.0	280	6	1	23.1
2019-06-01 20:15	32.6	33.7	57.6	15.0	71.1	28.8	0.0	269	3	0	23.0
2019-06-01 20:30	32.2	33.3	57.6	1.0	75.7	27.8	0.0	273	1	0	23.1
2019-06-01 20:45	31.7	32.9	57.6	0.0	79.1	27.1	0.0	280	1	0	23.2
2019-06-01 21:00	31.3	32.6	57.5	0.0	84.5	26.3	0.0	280	0	0	23.5
2019-06-01 21:15	31.0	32.3	57.2	0.0	88.5	25.3	0.0	280	0	0	23.3
2019-06-01 21:30	30.6	32.0	57.2	0.0	90.2	24.9	0.0	280	0	0	23.2
2019-06-01 21:45	30.3	31.7	57.2	0.0	92.2	24.7	0.0	280	0	0	23.3
2019-06-01 22:00	29.9	31.3	57.2	0.0	92.0	24.7	0.0	280	0	0	23.3
2019-06-01 22:15	29.7	31.1	57.2	0.0	90.7	24.7	0.0	280	1	0	23.1
2019-06-01 22:30	29.4	30.8	57.2	0.0	89.6	25.1	0.0	280	0	0	23.3
2019-06-01 22:45	29.2	30.6	57.2	0.0	89.7	24.9	0.0	280	0	0	23.1
2019-06-01 23:00	28.9	30.3	57.2	0.0	91.5	24.6	0.0	280	0	0	23.1
2019-06-01 23:15	28.7	30.1	57.2	0.0	93.4	24.2	0.0	280	0	0	23.1
2019-06-01 23:30	28.5	29.9	57.2	0.0	93.4	24.0	0.0	280	1	0	22.9
2019-06-01 23:45	28.3	29.7	57.2	0.0	94.8	23.6	0.0	280	0	0	22.7
2019-06-02 00:00	28.1	29.6	57.2	0.0	92.8	24.4	0.0	248	3	0	23.2
2019-06-02 00:15	27.9	29.4	57.2	0.0	93.7	24.3	0.0	196	3	0	23.2
2019-06-02 00:30	27.8	29.2	57.2	0.0	91.8	24.7	0.0	176	3	0	23.3
2019-06-02 00:45	27.7	29.0	57.2	0.0	94.8	23.7	0.0	177	1	0	22.8
2019-06-02 01:00	27.6	28.8	57.2	0.0	96.9	23.3	0.0	177	1	0	22.8
2019-06-02 01:15	27.4	28.7	57.5	0.0	95.9	23.8	0.0	160	6	1	23.1
2019-06-02 01:30	27.3	28.6	57.2	0.0	93.8	24.4	0.0	139	6	3	23.3
2019-06-02 01:45	27.2	28.4	57.5	0.0	91.5	23.9	0.0	139	17	6	22.4
2019-06-02 02:00	26.9	28.3	57.6	0.0	90.8	22.3	0.0	122	20	9	20.7
2019-06-02 02:15	26.7	28.2	57.6	0.0	91.8	21.9	0.0	131	6	1	20.5
2019-06-02 02:30	26.5	28.0	57.8	0.0	92.2	21.6	0.0	141	6	0	20.3
2019-06-02 02:45	26.3	27.8	57.8	0.0	92.4	21.2	0.0	122	4	1	19.9
2019-06-02 03:00	26.2	27.7	57.6	0.0	91.5	21.2	0.0	168	3	0	19.8
2019-06-02 03:15	26.0	27.5	57.5	0.0	89.6	21.3	0.0	175	4	0	19.5
2019-06-02 03:30	25.8	27.3	57.5	0.0	91.0	21.0	0.0	163	4	0	19.5
2019-06-02 03:45	25.7	27.2	57.2	0.0	91.9	20.8	0.0	134	3	0	19.4
2019-06-02 04:00	25.6	27.1	56.9	0.0	91.6	21.3	0.0	141	4	0	19.9
2019-06-02 04:15	25.6	26.9	56.9	0.0	91.1	21.3	0.0	159	0	0	19.8
2019-06-02 04:30	25.6	26.9	56.9	0.0	89.4	21.7	0.0	145	4	0	19.9
2019-06-02 04:45	25.6	26.8	56.9	0.0	89.9	21.8	0.0	193	6	0	20.1
2019-06-02 05:00	25.6	26.8	56.9	0.0	89.8	21.9	0.0	173	4	0	20.1
2019-06-02 05:15	25.6	26.7	56.9	0.0	90.3	21.9	0.0	208	3	0	20.2
2019-06-02 05:30	25.6	26.7	56.9	0.0	91.3	21.8	0.0	269	4	0	20.3
2019-06-02 05:45	25.5	26.6	56.9	0.0	92.4	21.6	0.0	261	6	1	20.3
2019-06-02 06:00	25.4	26.6	56.9	0.0	93.0	21.4	0.0	262	3	0	20.2
2019-06-02 06:15	25.4	26.5	56.9	0.0	93.3	21.6	0.0	273	3	0	20.5
2019-06-02 06:30	25.4	26.4	56.9	0.0	93.0	21.6	0.0	300	1	0	20.4
2019-06-02 06:45	25.4	26.4	56.9	2.0	92.9	21.7	0.0	300	1	0	20.5
2019-06-02 07:00	25.4	26.4	56.9	7.0	92.3	21.8	0.0	72	4	0	20.5
2019-06-02 07:15	25.4	26.3	56.9	11.0	91.9	22.1	0.0	86	8	3	20.7
2019-06-02 07:30	25.4	26.3	56.9	8.0	90.7	22.3	0.0	83	16	6	20.7
2019-06-02 07:45	25.3	26.3	56.9	13.0	94.2	21.9	0.0	97	20	9	20.9
2019-06-02 08:00	25.3	26.2	56.9	85.0	95.6	21.7	0.0	111	20	9	21.0
2019-06-02 08:15	25.4	26.2	56.6	287.0	91.2	22.4	0.0	115	17	8	20.9
2019-06-02 08:30	26.0	26.3	56.0	313.0	86.0	22.8	0.0	110	12	8	20.3
2019-06-02 08:45	26.7	26.4	55.8	383.0	78.8	24.2	0.0	88	11	4	20.3
2019-06-02 09:00	27.3	26.7	55.8	370.0	74.7	24.8	0.0	79	9	4	20.0
2019-06-02 09:15	28.1	27.0	55.8	495.0	71.5	25.8	0.0	74	8	3	20.3
2019-06-02 09:30	28.8	27.3	55.7	523.0	69.2	26.4	0.0	50	4	1	20.3
2019-06-02 09:45	29.7	27.8	55.7	594.0	69.9	27.2	0.0	216	6	1	21.2
2019-06-02 10:00	30.5	28.3	55.5	599.0	70.6	27.6	0.0	320	6	3	21.8
2019-06-02 10:15	31.3	28.7	55.4	689.0	68.0	28.1	0.0	336	6	1	21.6
2019-06-02 10:30	32.3	29.3	55.2	730.0	67.1	28.8	0.0	330	9	1	22.1
2019-06-02 10:45	32.8	29.9	55.2	436.0	69.9	28.3	0.0	324	8	3	22.3
2019-06-02 11:00	32.7	30.3	56.0	351.0	71.2	27.8	0.0	319	9	3	22.1
2019-06-02 11:15	32.6	30.5	56.2	370.0	71.5	27.8	0.0	326	8	3	22.2
2019-06-02 11:30	32.6	30.6	56.2	442.0	70.9	28.2	0.0	289	8	3	22.4
2019-06-02 11:45	32.9	30.7	55.8	611.0	69.3	28.9	0.0	330	12	4	22.7
2019-06-02 12:00	33.3	30.9	55.7	600.0	69.2	29.0	0.0	333	11	4	22.8
2019-06-02 12:15	33.8	31.3	55.8	520.0	68.8	29.2	0.0	326	14	8	22.9
2019-06-02 12:30	34.0	31.6	55.8	609.0	67.0	29.7	0.0	316	20	9	22.9
2019-06-02 12:45	34.8	31.8	55.8	982.0	62.3	30.9	0.0	323	20	11	22.8
2019-06-02 13:00	35.9	32.3	55.7	974.0	61.6	31.2	0.0	324	17	9	22.9
2019-06-02 13:15	36.9	32.8	55.7	981.0	60.1	31.4	0.0	324	17	8	22.7
2019-06-02 13:30	37.8	33.4	55.8	989.0	57.8	31.9	0.0	307	12	6	22.6
2019-06-02 13:45	38.6	34.1	56.2	989.0	57.1	32.0	0.0	314	17	9	22.4
2019-06-02 14:00	39.2	34.7	56.6	990.0	56.6	32.3	0.0	304	24	8	22.6
2019-06-02 14:15	39.8	35.2	56.4	1003.0	56.6	32.4	0.0	319	19	6	22.7
2019-06-02 14:30	40.3	35.8	56.4	834.0	57.0	32.3	0.0	312	11	4	22.7
2019-06-02 14:45	40.5	36.2	56.4	909.0	55.9	32.8	0.0	297	11	6	22.8
2019-06-02 15:00	40.9	36.6	56.4	815.0	55.4	33.1	0.0	303	9	3	23.0
2019-06-02 15:15	41.1	36.9	56.6	899.0	54.4	33.2	0.0	296	9	3	22.8
2019-06-02 15:30	41.1	37.2	56.6	496.0	54.8	33.0	0.0	271	9	1	22.7
2019-06-02 15:45	40.5	37.3	56.7	585.0	52.1	33.6	0.0	262	4	0	22.4
2019-06-02 16:00	40.3	37.4	56.9	557.0	54.2	33.4	0.0	259	11	1	22.9
2019-06-02 16:15	40.3	37.4	56.7	645.0	54.0	33.6	0.0	280	9	3	23.0
2019-06-02 16:30	40.0	37.4	56.6	365.0	56.1	32.6	0.0	293	8	3	22.7
2019-06-02 16:45	39.5	37.3	56.4	447.0	57.1	32.4	0.0	289	12	4	22.8
2019-06-02 17:00	39.3	37.2	56.6	645.0	53.4	33.3	0.0	272	11	4	22.5
2019-06-02 17:15	39.4	37.2	56.7	561.0	53.4	33.3	0.0	293	9	4	22.5
2019-06-02 17:30	39.3	37.2	56.6	526.0	54.4	33.2	0.0	302	11	4	22.8
2019-06-02 17:45	38.9	37.2	56.4	456.0	54.4	32.8	0.0	296	12	4	22.4
2019-06-02 18:00	38.6	37.1	56.4	441.0	55.0	32.9	0.0	299	11	4	22.7
2019-06-02 18:15	38.2	36.9	56.4	349.0	53.8	33.0	0.0	300	9	3	22.4
2019-06-02 18:30	37.5	36.7	56.7	232.0	55.6	32.5	0.0	312	8	4	22.5
2019-06-02 18:45	36.7	36.4	56.6	183.0	56.5	32.3	0.0	269	17	6	22.5
2019-06-02 19:00	35.9	36.1	56.6	151.0	57.6	31.7	0.0	288	8	3	22.3
2019-06-02 19:15	35.3	35.7	56.7	129.0	59.3	31.4	0.0	269	11	3	22.5
2019-06-02 19:30	34.7	35.2	56.7	134.0	59.5	31.3	0.0	276	9	3	22.5
2019-06-02 19:45	34.2	34.8	56.9	97.0	61.8	30.5	0.0	273	8	1	22.3
2019-06-02 20:00	33.7	34.5	57.0	58.0	64.6	29.7	0.0	279	6	1	22.3
2019-06-02 20:15	33.2	34.1	57.0	26.0	69.2	28.8	0.0	254	3	0	22.6
2019-06-02 20:30	32.7	33.7	57.0	5.0	74.5	27.8	0.0	207	3	0	22.8
2019-06-02 20:45	32.2	33.4	57.0	0.0	78.5	27.1	0.0	166	1	0	23.0
2019-06-02 21:00	31.8	33.0	57.0	0.0	79.9	26.8	0.0	211	1	0	23.0
2019-06-02 21:15	31.4	32.7	56.9	0.0	81.6	26.4	0.0	214	1	0	23.0
2019-06-02 21:30	31.1	32.4	56.7	0.0	81.4	26.3	0.0	216	4	0	22.9
2019-06-02 21:45	30.7	32.1	56.6	0.0	81.0	26.3	0.0	228	3	0	22.8
2019-06-02 22:00	30.4	31.8	56.6	0.0	82.7	26.0	0.0	230	1	0	22.8
2019-06-02 22:15	30.1	31.4	56.6	0.0	83.5	25.9	0.0	230	4	0	22.9
2019-06-02 22:30	29.8	31.2	56.6	0.0	84.1	25.7	0.0	228	3	0	22.8
2019-06-02 22:45	29.6	31.0	56.6	0.0	84.8	25.4	0.0	240	3	0	22.7
2019-06-02 23:00	29.3	30.7	56.6	0.0	85.5	25.4	0.0	238	4	0	22.8
2019-06-02 23:15	29.1	30.5	56.6	0.0	86.9	25.1	0.0	237	1	0	22.8
2019-06-02 23:30	28.9	30.3	56.6	0.0	87.8	24.9	0.0	235	3	0	22.7
2019-06-02 23:45	28.7	30.1	56.6	0.0	89.1	24.7	0.0	241	3	0	22.8
2019-06-03 00:00	28.5	29.9	56.6	0.0	89.3	24.7	0.0	231	4	0	22.8
2019-06-03 00:15	28.3	29.7	56.6	0.0	90.4	24.6	0.0	240	1	0	22.9
2019-06-03 00:30	28.2	29.6	56.6	0.0	89.0	24.7	0.0	272	4	0	22.8
2019-06-03 00:45	28.1	29.4	56.6	0.0	87.2	24.9	0.0	271	3	0	22.6
2019-06-03 01:00	27.9	29.3	56.6	0.0	87.7	24.8	0.0	271	3	0	22.6
2019-06-03 01:15	27.8	29.2	56.6	0.0	88.2	24.5	0.0	292	1	0	22.4
2019-06-03 01:30	27.7	29.0	56.6	0.0	88.8	24.3	0.0	302	1	0	22.3
2019-06-03 01:45	27.6	28.8	56.6	0.0	90.1	24.2	0.0	288	1	0	22.5
2019-06-03 02:00	27.4	28.7	56.7	0.0	91.8	23.7	0.0	288	0	0	22.3
2019-06-03 02:15	27.3	28.6	56.6	0.0	91.4	23.9	0.0	309	1	0	22.4
2019-06-03 02:30	27.2	28.4	56.7	0.0	92.8	23.4	0.0	320	1	0	22.2
2019-06-03 02:45	27.0	28.3	56.7	0.0	94.6	23.1	0.0	321	0	0	22.2
2019-06-03 03:00	26.9	28.2	56.6	0.0	93.5	23.5	0.0	344	3	0	22.4
2019-06-03 03:15	26.7	28.1	56.6	0.0	95.0	23.1	0.0	353	1	0	22.3
2019-06-03 03:30	26.6	27.9	56.4	0.0	96.2	22.7	0.0	353	0	0	22.1
2019-06-03 03:45	26.5	27.8	56.4	0.0	97.4	22.2	0.0	353	0	0	21.8
2019-06-03 04:00	26.3	27.7	56.2	0.0	98.0	21.9	0.0	353	0	0	21.6
2019-06-03 04:15	26.2	27.6	56.4	0.0	98.6	21.9	0.0	353	0	0	21.7
2019-06-03 04:30	26.1	27.4	56.4	0.0	98.8	21.5	0.0	353	0	0	21.3
2019-06-03 04:45	25.9	27.3	56.4	0.0	99.1	20.9	0.0	353	1	0	20.8
2019-06-03 05:00	25.8	27.2	56.2	0.0	99.4	21.2	0.0	353	0	0	21.1
2019-06-03 05:15	25.7	27.1	56.2	0.0	99.6	20.8	0.0	353	0	0	20.7
2019-06-03 05:30	25.5	26.9	56.2	0.0	99.8	21.0	0.0	353	0	0	21.0
2019-06-03 05:45	25.4	26.8	56.2	0.0	99.9	21.1	0.0	353	0	0	21.1
2019-06-03 06:00	25.2	26.7	56.2	0.0	99.9	21.3	0.0	353	0	0	21.3
2019-06-03 06:15	25.2	26.6	56.2	0.0	99.9	20.8	0.0	353	0	0	20.8
2019-06-03 06:30	25.1	26.5	56.2	3.0	99.9	21.2	0.0	345	1	0	21.2
2019-06-03 06:45	25.0	26.4	56.2	14.0	99.9	21.7	0.0	283	3	0	21.7
2019-06-03 07:00	25.0	26.3	56.2	38.0	99.9	22.2	0.0	265	3	0	22.2
2019-06-03 07:15	25.1	26.3	56.2	41.0	99.9	22.3	0.0	254	3	0	22.3
2019-06-03 07:30	25.1	26.2	56.2	46.0	99.7	22.6	0.0	251	4	1	22.6
2019-06-03 07:45	25.2	26.2	56.2	68.0	99.5	22.8	0.0	282	4	1	22.7
2019-06-03 08:00	25.3	26.2	56.0	98.0	99.2	23.2	0.0	276	4	0	23.1
2019-06-03 08:15	25.6	26.3	56.0	100.0	98.5	23.4	0.0	312	3	0	23.1
2019-06-03 08:30	25.8	26.4	56.0	97.0	97.9	23.8	0.0	129	1	0	23.4
2019-06-03 08:45	26.2	26.4	55.5	319.0	94.1	25.2	0.0	312	4	0	24.2
2019-06-03 09:00	27.1	26.6	55.2	402.0	90.3	26.1	0.0	333	4	1	24.4
2019-06-03 09:15	27.9	27.0	55.2	356.0	89.3	26.3	0.0	343	8	1	24.4
2019-06-03 09:30	28.3	27.4	55.2	327.0	89.2	26.1	0.0	347	6	1	24.2
2019-06-03 09:45	28.9	27.7	55.0	512.0	85.0	27.2	0.0	165	9	3	24.5
2019-06-03 10:00	29.6	28.0	55.0	301.0	85.8	26.8	0.0	224	9	3	24.2
2019-06-03 10:15	29.8	28.4	55.2	389.0	83.8	27.1	0.0	101	11	4	24.1
2019-06-03 10:30	30.5	28.7	54.8	586.0	79.9	28.2	0.0	206	9	3	24.4
2019-06-03 10:45	31.1	29.1	54.8	442.0	79.8	27.9	0.0	204	11	4	24.1
2019-06-03 11:00	31.9	29.4	54.6	667.0	75.3	29.2	0.0	93	12	3	24.4
2019-06-03 11:15	32.5	29.9	54.6	440.0	76.0	28.9	0.0	286	6	1	24.2
2019-06-03 11:30	32.7	30.3	54.6	474.0	74.1	29.4	0.0	268	4	1	24.3
2019-06-03 11:45	33.2	30.7	54.6	543.0	69.8	29.9	0.0	173	6	1	23.8
2019-06-03 12:00	33.6	31.0	55.0	642.0	68.1	30.5	0.0	279	9	1	23.9
2019-06-03 12:15	34.5	31.3	54.8	744.0	64.3	31.6	0.0	316	6	1	24.0
2019-06-03 12:30	35.3	31.8	54.8	648.0	65.2	30.8	0.0	268	6	1	23.5
2019-06-03 12:45	35.6	32.3	55.4	617.0	63.1	31.3	0.0	303	8	3	23.4
2019-06-03 13:00	35.9	32.7	55.4	591.0	61.4	31.4	0.0	273	12	4	23.1
2019-06-03 13:15	36.1	33.0	55.5	611.0	59.1	31.4	0.0	262	9	6	22.4
2019-06-03 13:30	36.4	33.3	55.5	764.0	56.5	32.2	0.0	273	14	4	22.5
2019-06-03 13:45	37.0	33.6	55.4	760.0	55.3	32.4	0.0	289	12	4	22.3
2019-06-03 14:00	37.4	34.0	55.5	651.0	55.0	32.1	0.0	307	12	6	21.9
2019-06-03 14:15	37.4	34.3	55.7	530.0	57.1	31.9	0.0	306	11	4	22.3
2019-06-03 14:30	37.4	34.6	55.5	645.0	56.1	32.0	0.0	309	12	6	22.2
2019-06-03 14:45	37.9	34.7	55.7	976.0	54.4	32.9	0.0	304	12	6	22.5
2019-06-03 15:00	38.8	35.0	55.5	977.0	54.4	33.2	0.0	307	11	6	22.8
2019-06-03 15:15	39.6	35.6	55.2	989.0	54.5	33.2	0.0	310	16	8	22.8
2019-06-03 15:30	40.2	36.1	55.4	866.0	52.5	33.2	0.0	285	17	8	22.2
2019-06-03 15:45	40.4	36.4	55.7	867.0	54.0	32.9	0.0	306	14	8	22.4
2019-06-03 16:00	40.7	36.8	55.7	764.0	53.0	33.2	0.0	299	16	8	22.3
2019-06-03 16:15	40.6	37.1	55.8	706.0	52.0	32.9	0.0	288	16	8	21.7
2019-06-03 16:30	40.6	37.3	55.8	672.0	53.5	33.0	0.0	309	17	6	22.3
2019-06-03 16:45	40.4	37.4	56.0	571.0	52.2	33.0	0.0	300	17	8	21.9
2019-06-03 17:00	40.3	37.6	56.2	604.0	52.7	33.0	0.0	299	16	6	22.1
2019-06-03 17:15	39.9	37.6	56.0	551.0	52.6	32.7	0.0	300	12	6	21.7
2019-06-03 17:30	39.6	37.5	56.0	559.0	50.4	33.2	0.0	292	16	8	21.5
2019-06-03 17:45	39.2	37.4	55.8	500.0	52.2	32.8	0.0	313	14	6	21.7
2019-06-03 18:00	38.8	37.3	55.7	417.0	52.1	32.7	0.0	293	19	8	21.6
2019-06-03 18:15	38.2	37.1	56.0	355.0	53.4	32.6	0.0	312	16	6	21.9
2019-06-03 18:30	37.5	36.9	56.2	241.0	52.0	32.4	0.0	302	16	6	21.3
2019-06-03 18:45	36.6	36.6	55.8	180.0	52.3	32.1	0.0	303	12	6	21.1
2019-06-03 19:00	35.8	36.1	56.0	127.0	55.9	31.2	0.0	302	11	4	21.4
2019-06-03 19:15	35.1	35.7	56.2	107.0	56.7	31.2	0.0	302	9	3	21.6
2019-06-03 19:30	34.4	35.2	56.2	45.0	59.8	30.2	0.0	300	6	1	21.5
2019-06-03 19:45	33.7	34.8	56.4	34.0	61.7	29.3	0.0	303	4	0	21.2
2019-06-03 20:00	33.2	34.3	56.6	18.0	64.9	28.7	0.0	286	4	0	21.4
2019-06-03 20:15	32.7	33.9	56.6	11.0	68.5	28.0	0.0	286	0	0	21.7
2019-06-03 20:30	32.2	33.6	56.6	3.0	78.5	26.7	0.0	286	0	0	22.6
2019-06-03 20:45	31.8	33.2	56.6	0.0	82.6	25.2	0.0	217	0	0	22.0
2019-06-03 21:00	31.4	32.8	56.6	0.0	86.4	25.4	0.0	320	0	0	23.0
2019-06-03 21:15	31.2	32.5	56.4	0.0	87.1	25.6	0.0	320	0	0	23.3
2019-06-03 21:30	30.9	32.2	56.4	0.0	86.8	25.4	0.0	320	0	0	23.0
2019-06-03 21:45	30.6	31.9	56.2	0.0	81.5	26.0	0.0	320	0	0	22.6
2019-06-03 22:00	30.3	31.6	55.8	0.0	80.1	26.1	0.0	304	1	0	22.4
2019-06-03 22:15	30.1	31.4	55.8	0.0	83.0	25.8	0.0	288	0	0	22.7
2019-06-03 22:30	29.8	31.2	55.8	0.0	82.4	25.8	0.0	304	1	0	22.6
2019-06-03 22:45	29.7	31.0	55.8	0.0	79.2	26.1	0.0	264	3	0	22.2
2019-06-03 23:00	29.5	30.8	55.8	0.0	80.7	25.8	0.0	266	1	0	22.2
2019-06-03 23:15	29.3	30.6	55.8	0.0	78.2	26.1	0.0	265	3	0	22.0
2019-06-03 23:30	29.2	30.4	55.8	0.0	79.4	25.9	0.0	265	3	0	22.1
2019-06-03 23:45	29.0	30.2	55.8	0.0	78.3	26.2	0.0	272	3	0	22.1
2019-06-04 00:00	28.8	30.1	55.8	0.0	78.4	26.2	0.0	292	4	0	22.1
2019-06-04 00:15	28.7	29.9	55.8	0.0	79.1	26.2	0.0	292	4	0	22.3
2019-06-04 00:30	28.5	29.8	55.8	0.0	80.6	25.9	0.0	302	4	0	22.3
2019-06-04 00:45	28.3	29.6	55.8	0.0	81.2	25.9	0.0	299	6	1	22.4
2019-06-04 01:00	28.2	29.5	55.8	0.0	83.1	25.7	0.0	312	3	0	22.6
2019-06-04 01:15	28.1	29.3	55.8	0.0	84.6	25.3	0.0	292	3	0	22.5
2019-06-04 01:30	27.9	29.2	55.8	0.0	85.4	25.2	0.0	290	3	0	22.6
2019-06-04 01:45	27.8	29.1	55.8	0.0	86.7	25.0	0.0	317	1	0	22.6
2019-06-04 02:00	27.7	28.9	55.7	0.0	88.0	24.8	0.0	309	3	0	22.7
2019-06-04 02:15	27.6	28.8	55.7	0.0	88.4	24.7	0.0	295	3	0	22.7
2019-06-04 02:30	27.5	28.7	55.4	0.0	89.1	24.7	0.0	307	4	1	22.8
2019-06-04 02:45	27.4	28.6	55.4	0.0	89.3	24.6	0.0	299	8	1	22.7
2019-06-04 03:00	27.2	28.4	55.4	0.0	90.5	24.3	0.0	295	6	1	22.6
2019-06-04 03:15	27.1	28.3	55.4	0.0	91.4	24.2	0.0	295	8	1	22.7
2019-06-04 03:30	26.9	28.2	55.4	0.0	91.8	24.1	0.0	309	8	3	22.7
2019-06-04 03:45	26.8	28.1	55.4	0.0	92.2	24.0	0.0	310	6	1	22.7
2019-06-04 04:00	26.6	27.9	55.2	0.0	93.6	23.7	0.0	307	6	3	22.6
2019-06-04 04:15	26.5	27.8	55.2	0.0	94.2	23.6	0.0	302	8	3	22.6
2019-06-04 04:30	26.3	27.7	55.2	0.0	95.2	23.4	0.0	309	6	1	22.6
2019-06-04 04:45	26.2	27.6	55.4	0.0	96.1	23.3	0.0	307	6	1	22.6
2019-06-04 05:00	26.1	27.5	55.4	0.0	97.1	23.0	0.0	306	3	0	22.5
2019-06-04 05:15	25.9	27.3	55.4	0.0	97.7	22.9	0.0	317	4	1	22.5
2019-06-04 05:30	25.8	27.2	55.4	0.0	98.0	22.8	0.0	314	4	1	22.5
2019-06-04 05:45	25.8	27.1	55.4	0.0	98.3	22.9	0.0	300	4	1	22.6
2019-06-04 06:00	25.7	27.0	55.4	0.0	98.4	22.9	0.0	309	4	1	22.6
2019-06-04 06:15	25.7	26.9	55.4	0.0	98.6	22.9	0.0	309	6	1	22.7
2019-06-04 06:30	25.7	26.9	55.4	3.0	98.6	22.9	0.0	314	4	1	22.7
2019-06-04 06:45	25.6	26.8	55.5	11.0	98.8	23.0	0.0	323	6	1	22.8
2019-06-04 07:00	25.6	26.8	55.4	15.0	98.9	23.0	0.0	320	4	0	22.8
2019-06-04 07:15	25.6	26.7	55.2	30.0	99.0	23.0	0.0	276	3	0	22.8
2019-06-04 07:30	25.7	26.7	55.2	36.0	99.0	23.1	0.0	297	3	1	22.9
2019-06-04 07:45	25.8	26.7	55.2	35.0	98.7	23.3	0.0	296	3	0	23.1
2019-06-04 08:00	25.9	26.7	55.2	40.0	98.4	23.4	0.0	306	3	0	23.1
2019-06-04 08:15	26.0	26.8	55.2	49.0	98.0	23.6	0.0	307	4	0	23.3
2019-06-04 08:30	26.1	26.8	55.2	60.0	97.8	23.8	0.0	321	6	1	23.4
2019-06-04 08:45	26.2	26.8	55.2	56.0	97.6	23.8	0.0	337	4	1	23.4
2019-06-04 09:00	26.3	26.8	55.2	79.0	97.3	24.1	0.0	306	4	0	23.6
2019-06-04 09:15	26.4	26.9	55.2	93.0	96.6	24.2	0.0	317	6	1	23.6
2019-06-04 09:30	26.5	26.9	55.2	98.0	96.3	24.1	0.0	320	9	3	23.5
2019-06-04 09:45	26.6	27.0	55.2	118.0	95.9	24.2	0.0	303	8	3	23.5
2019-06-04 10:00	26.8	27.0	55.2	158.0	94.8	24.6	0.0	307	6	1	23.7
2019-06-04 10:15	27.0	27.1	55.0	212.0	93.3	25.1	0.0	333	6	1	23.9
2019-06-04 10:30	27.3	27.2	55.0	224.0	91.2	25.4	0.0	336	8	3	23.9
2019-06-04 10:45	27.6	27.3	55.0	220.0	90.4	25.6	0.0	340	6	3	23.9
2019-06-04 11:00	27.8	27.5	55.0	234.0	88.9	25.9	0.0	313	9	1	23.9
2019-06-04 11:15	28.1	27.7	54.8	266.0	86.4	26.2	0.0	283	6	1	23.7
2019-06-04 11:30	28.3	27.8	54.8	228.0	85.5	26.5	0.0	310	4	1	23.9
2019-06-04 11:45	28.5	28.0	55.0	198.0	85.0	26.4	0.0	299	4	1	23.7
2019-06-04 12:00	28.7	28.1	54.8	313.0	83.0	26.9	0.0	333	4	1	23.8
2019-06-04 12:15	29.2	28.3	54.5	315.0	79.3	27.7	0.0	303	4	0	23.8
2019-06-04 12:30	29.6	28.5	54.5	417.0	77.9	27.9	0.0	316	3	0	23.7
2019-06-04 12:45	30.2	28.8	54.3	398.0	75.2	28.6	0.0	275	6	0	23.8
2019-06-04 13:00	30.6	29.1	54.3	348.0	74.9	28.6	0.0	282	3	0	23.7
2019-06-04 13:15	30.8	29.3	54.5	355.0	74.2	28.8	0.0	262	4	0	23.7
2019-06-04 13:30	31.0	29.6	54.6	284.0	74.0	28.3	0.0	251	6	0	23.2
2019-06-04 13:45	31.1	29.8	55.0	300.0	73.8	28.4	0.0	228	4	0	23.3
2019-06-04 14:00	31.2	29.9	55.0	323.0	72.2	28.6	0.0	238	8	1	23.1
2019-06-04 14:15	31.2	30.0	55.0	284.0	71.9	28.3	0.0	244	6	1	22.7
2019-06-04 14:30	31.3	30.1	55.0	368.0	70.9	28.8	0.0	264	8	1	23.0
2019-06-04 14:45	31.7	30.3	54.6	404.0	69.4	29.3	0.0	221	6	0	23.1
2019-06-04 15:00	31.9	30.4	54.8	335.0	71.0	28.9	0.0	224	6	1	23.1
2019-06-04 15:15	32.1	30.6	54.6	370.0	70.4	29.0	0.0	218	4	1	23.1
2019-06-04 15:30	32.2	30.8	54.8	321.0	70.7	28.9	0.0	197	8	1	23.0
2019-06-04 15:45	32.2	30.9	54.6	323.0	71.2	28.9	0.0	210	6	1	23.2
2019-06-04 16:00	32.3	31.0	54.6	309.0	69.8	29.3	0.0	200	4	0	23.2
2019-06-04 16:15	32.3	31.1	54.8	253.0	71.1	29.0	0.0	192	8	1	23.2
2019-06-04 16:30	32.2	31.2	54.8	259.0	71.8	28.7	0.0	230	12	3	23.1
2019-06-04 16:45	32.1	31.2	55.0	239.0	72.2	28.7	0.0	208	8	1	23.2
2019-06-04 17:00	32.1	31.2	55.0	304.0	70.6	28.9	0.0	192	9	3	23.0
2019-06-04 17:15	31.9	31.2	54.8	170.0	71.0	28.5	0.0	207	11	1	22.7
2019-06-04 17:30	31.7	31.2	55.0	210.0	70.9	28.6	0.0	192	6	1	22.8
2019-06-04 17:45	31.7	31.1	55.0	248.0	69.8	28.8	0.0	197	8	1	22.7
2019-06-04 18:00	31.7	31.1	55.0	235.0	69.6	28.7	0.0	230	8	3	22.6
2019-06-04 18:15	31.6	31.1	55.0	229.0	69.4	28.7	0.0	224	9	3	22.5
2019-06-04 18:30	31.4	31.0	55.0	138.0	71.4	28.3	0.0	217	9	1	22.6
2019-06-04 18:45	31.2	30.9	55.2	123.0	72.5	27.9	0.0	223	8	1	22.5
2019-06-04 19:00	30.9	30.8	55.2	105.0	73.4	27.8	0.0	223	6	1	22.6
2019-06-04 19:15	30.6	30.7	55.2	72.0	75.8	27.5	0.0	216	4	0	22.8
2019-06-04 19:30	30.2	30.5	55.2	48.0	76.8	27.2	0.0	197	3	0	22.8
2019-06-04 19:45	29.9	30.3	55.2	93.0	75.1	27.4	0.0	213	6	0	22.6
2019-06-04 20:00	29.7	30.2	55.2	97.0	75.9	27.4	0.0	225	8	1	22.8
2019-06-04 20:15	29.6	30.0	55.2	64.0	77.6	27.2	0.0	223	6	1	22.9
2019-06-04 20:30	29.3	29.9	55.2	24.0	79.4	26.7	0.0	227	6	1	22.8
2019-06-04 20:45	29.0	29.7	55.4	0.0	85.9	25.4	0.2	289	14	4	22.9
2019-06-04 21:00	28.6	29.6	55.8	0.0	94.6	23.7	0.0	316	6	1	22.8
2019-06-04 21:15	28.2	29.3	55.7	0.0	95.5	23.4	0.0	306	4	0	22.6
2019-06-04 21:30	27.9	29.1	55.5	0.0	94.5	23.3	0.0	280	4	0	22.4
2019-06-04 21:45	27.6	28.8	55.5	0.0	94.3	22.7	0.0	136	3	0	21.7
2019-06-04 22:00	27.3	28.6	55.4	0.0	95.8	22.4	0.0	101	1	0	21.7
2019-06-04 22:15	27.1	28.4	55.2	0.0	96.8	22.1	0.0	331	0	0	21.6
2019-06-04 22:30	26.8	28.2	55.2	0.0	97.9	22.0	0.0	331	0	0	21.7
2019-06-04 22:45	26.7	28.0	55.2	0.0	98.1	22.1	0.0	331	1	0	21.8
2019-06-04 23:00	26.6	27.9	55.2	0.0	98.3	22.3	0.0	331	0	0	22.0
2019-06-04 23:15	26.5	27.7	55.2	0.0	98.7	22.3	0.0	331	0	0	22.1
2019-06-04 23:30	26.4	27.6	55.4	0.0	98.6	22.1	0.0	331	0	0	21.9
2019-06-04 23:45	26.2	27.5	55.2	0.0	98.8	21.8	0.0	331	0	0	21.6
2019-06-05 00:00	26.1	27.3	55.2	0.0	98.9	21.7	0.0	331	0	0	21.5
2019-06-05 00:15	25.9	27.2	55.4	0.0	99.2	21.8	0.0	320	3	0	21.7
2019-06-05 00:30	25.8	27.1	55.4	0.0	98.9	21.9	0.0	304	1	0	21.7
2019-06-05 00:45	25.7	27.0	55.5	0.0	98.9	21.9	0.0	304	1	0	21.7
2019-06-05 01:00	25.7	26.9	55.2	0.0	99.2	21.9	0.0	304	0	0	21.8
2019-06-05 01:15	25.6	26.8	55.4	0.0	99.4	21.8	0.0	304	0	0	21.7
2019-06-05 01:30	25.5	26.7	55.5	0.0	99.7	21.8	0.0	290	3	0	21.8
2019-06-05 01:45	25.4	26.6	55.5	0.0	99.7	22.2	0.0	293	1	0	22.2
2019-06-05 02:00	25.4	26.6	55.4	0.0	99.8	22.3	0.0	293	0	0	22.3
2019-06-05 02:15	25.4	26.5	55.4	0.0	99.8	22.5	0.0	293	1	0	22.5
2019-06-05 02:30	25.4	26.4	55.4	0.0	99.7	22.7	0.0	289	3	0	22.7
2019-06-05 02:45	25.5	26.4	55.2	0.0	99.8	22.7	0.2	271	3	0	22.7
2019-06-05 03:00	25.5	26.4	55.4	0.0	99.9	22.7	0.2	265	3	0	22.7
2019-06-05 03:15	25.5	26.4	55.4	0.0	99.9	22.8	0.0	258	4	1	22.8
2019-06-05 03:30	25.5	26.4	55.4	0.0	99.9	22.7	0.0	276	4	0	22.7
2019-06-05 03:45	25.5	26.4	55.4	0.0	99.9	22.7	0.0	272	3	0	22.7
2019-06-05 04:00	25.5	26.3	55.4	0.0	99.9	22.8	0.0	278	4	0	22.8
2019-06-05 04:15	25.5	26.3	55.4	0.0	99.9	22.9	0.0	296	3	0	22.9
2019-06-05 04:30	25.4	26.3	55.4	0.0	99.9	22.9	0.0	289	3	0	22.9
2019-06-05 04:45	25.4	26.3	55.4	0.0	99.9	22.9	0.0	289	3	0	22.9
2019-06-05 05:00	25.4	26.3	55.2	0.0	99.9	23.0	0.2	272	3	0	23.0
2019-06-05 05:15	25.4	26.2	55.4	0.0	99.9	23.0	0.2	261	4	1	23.0
2019-06-05 05:30	25.4	26.2	55.4	0.0	99.9	23.1	0.0	280	4	0	23.1
2019-06-05 05:45	25.4	26.2	55.4	0.0	99.9	23.1	0.2	279	1	0	23.1
2019-06-05 06:00	25.4	26.2	55.4	0.0	99.9	23.1	0.2	258	3	0	23.1
2019-06-05 06:15	25.3	26.2	55.4	0.0	99.9	22.9	0.2	247	3	0	22.9
2019-06-05 06:30	25.3	26.1	55.4	0.0	99.9	22.8	0.0	252	6	0	22.8
2019-06-05 06:45	25.2	26.1	55.4	0.0	99.9	22.8	0.0	238	3	0	22.8
2019-06-05 07:00	25.2	26.1	55.2	1.0	99.9	22.9	0.0	238	1	0	22.9
2019-06-05 07:15	25.2	26.0	55.4	16.0	99.9	23.0	0.0	240	3	0	23.0
2019-06-05 07:30	25.2	26.0	55.2	28.0	99.9	23.0	0.0	228	3	0	23.0
2019-06-05 07:45	25.3	26.0	55.4	26.0	99.9	23.1	0.0	230	3	0	23.1
2019-06-05 08:00	25.3	26.0	55.2	61.0	99.7	23.2	0.0	237	6	1	23.2
2019-06-05 08:15	25.5	26.0	55.2	76.0	99.3	23.2	0.0	228	6	1	23.1
2019-06-05 08:30	25.6	26.1	55.2	56.0	99.2	23.3	0.0	208	6	1	23.2
2019-06-05 08:45	25.6	26.1	55.2	63.0	99.0	23.2	0.0	228	8	3	23.0
2019-06-05 09:00	25.7	26.1	55.4	132.0	99.0	23.3	0.5	228	11	4	23.1
2019-06-05 09:15	25.9	26.2	58.1	206.0	98.2	23.5	0.5	224	11	3	23.2
2019-06-05 09:30	26.2	26.3	60.6	137.0	98.4	23.3	2.5	221	11	3	23.0
2019-06-05 09:45	26.2	26.4	61.0	147.0	98.2	23.4	0.7	220	11	4	23.1
2019-06-05 10:00	26.2	26.4	60.1	108.0	98.1	23.4	0.0	234	11	4	23.1
2019-06-05 10:15	26.3	26.4	60.1	112.0	97.6	23.3	0.0	230	11	4	22.9
2019-06-05 10:30	26.3	26.5	60.1	164.0	96.2	23.3	0.0	220	12	4	22.7
2019-06-05 10:45	26.4	26.6	60.1	242.0	95.1	23.6	0.0	220	8	1	22.8
2019-06-05 11:00	26.8	26.6	59.5	339.0	94.1	24.3	0.0	197	8	3	23.3
2019-06-05 11:15	27.3	26.8	59.4	278.0	94.7	24.4	0.0	207	6	1	23.5
2019-06-05 11:30	27.6	27.0	59.4	247.0	94.5	24.3	0.0	216	9	3	23.4
2019-06-05 11:45	27.6	27.2	59.8	264.0	96.1	24.1	0.2	224	9	3	23.4
2019-06-05 12:00	27.8	27.3	60.8	301.0	96.9	24.0	0.5	220	8	3	23.5
2019-06-05 12:15	28.1	27.5	60.8	358.0	96.5	24.4	0.2	201	9	3	23.8
2019-06-05 12:30	28.3	27.6	60.8	381.0	96.0	24.6	0.2	196	11	3	23.9
2019-06-05 12:45	28.7	27.8	60.6	395.0	95.1	25.0	0.0	189	8	1	24.2
2019-06-05 13:00	29.3	28.1	59.9	732.0	91.3	26.0	0.0	176	6	1	24.5
2019-06-05 13:15	30.3	28.4	59.8	563.0	88.0	26.6	0.0	189	8	1	24.4
2019-06-05 13:30	30.6	28.8	59.9	487.0	88.0	26.3	0.0	203	9	3	24.2
2019-06-05 13:45	30.7	29.1	59.9	432.0	87.2	26.5	0.0	200	8	3	24.2
2019-06-05 14:00	30.7	29.3	59.9	413.0	86.8	26.6	0.0	187	6	1	24.2
2019-06-05 14:15	30.6	29.4	59.9	286.0	87.4	26.2	0.0	184	9	1	23.9
2019-06-05 14:30	30.2	29.5	59.8	168.0	89.1	25.7	0.0	197	8	1	23.8
2019-06-05 14:45	29.8	29.4	59.4	219.0	89.7	25.6	0.0	196	9	1	23.8
2019-06-05 15:00	29.8	29.3	59.0	450.0	87.4	26.4	0.0	217	11	4	24.1
2019-06-05 15:15	30.0	29.3	58.7	330.0	87.5	26.4	0.0	218	9	4	24.2
2019-06-05 15:30	30.0	29.3	58.4	398.0	85.7	26.8	0.0	196	8	1	24.2
2019-06-05 15:45	30.6	29.4	58.0	801.0	78.7	28.8	0.0	182	8	3	24.7
2019-06-05 16:00	31.4	29.6	57.6	571.0	79.2	28.3	0.0	182	8	3	24.3
2019-06-05 16:15	31.6	29.9	58.3	413.0	80.5	28.2	0.0	201	8	1	24.5
2019-06-05 16:30	31.7	30.2	57.6	572.0	80.0	28.3	0.0	227	12	4	24.5
2019-06-05 16:45	31.9	30.3	57.5	504.0	80.5	28.0	0.0	237	17	6	24.3
2019-06-05 17:00	31.8	30.5	57.6	542.0	82.5	27.8	0.0	245	16	8	24.5
2019-06-05 17:15	32.1	30.6	57.2	691.0	81.6	28.2	0.0	242	16	9	24.8
2019-06-05 17:30	32.3	30.8	57.2	603.0	81.2	27.9	0.0	232	16	8	24.4
2019-06-05 17:45	32.3	31.0	57.5	506.0	81.2	27.7	0.0	234	16	6	24.2
2019-06-05 18:00	32.1	31.1	57.6	420.0	80.6	27.7	0.0	247	12	6	24.1
2019-06-05 18:15	31.6	31.1	57.8	337.0	81.0	27.7	0.0	235	11	6	24.1
2019-06-05 18:30	31.2	30.9	58.0	234.0	81.6	27.4	0.0	249	16	8	24.0
2019-06-05 18:45	30.6	30.8	58.0	136.0	85.4	26.6	0.0	248	11	6	23.9
2019-06-05 19:00	30.1	30.6	58.0	112.0	86.4	26.3	0.0	241	8	3	23.8
2019-06-05 19:15	29.7	30.3	58.0	163.0	85.5	26.6	0.0	244	11	4	24.0
2019-06-05 19:30	29.4	30.1	58.0	41.0	88.7	25.6	0.0	232	9	4	23.6
2019-06-05 19:45	28.8	29.8	58.0	33.0	91.0	25.0	0.0	225	9	3	23.4
2019-06-05 20:00	28.4	29.6	57.6	29.0	91.0	24.9	0.0	225	8	1	23.3
2019-06-05 20:15	28.2	29.3	57.2	15.0	91.7	24.8	0.0	227	4	0	23.4
2019-06-05 20:30	27.9	29.1	57.2	4.0	92.4	24.6	0.0	200	3	0	23.3
2019-06-05 20:45	27.7	28.9	57.2	0.0	92.9	24.5	0.0	214	4	0	23.3
2019-06-05 21:00	27.5	28.7	57.2	0.0	94.0	24.3	0.0	186	3	0	23.3
2019-06-05 21:15	27.3	28.5	57.2	0.0	94.9	24.1	0.0	189	6	0	23.2
2019-06-05 21:30	27.1	28.3	57.2	0.0	96.4	23.7	0.0	218	3	0	23.1
2019-06-05 21:45	26.8	28.1	57.2	0.0	96.7	23.6	0.0	221	4	1	23.0
2019-06-05 22:00	26.6	27.9	57.2	0.0	96.2	23.7	0.0	227	8	3	23.1
2019-06-05 22:15	26.4	27.8	57.2	0.0	97.3	23.5	0.0	235	8	1	23.0
2019-06-05 22:30	26.2	27.6	57.2	0.0	98.1	23.3	0.0	218	3	0	23.0
2019-06-05 22:45	26.1	27.4	57.2	0.0	98.7	23.1	0.0	218	3	0	22.9
2019-06-05 23:00	25.9	27.3	57.2	0.0	99.0	23.0	0.0	214	4	0	22.8
2019-06-05 23:15	25.8	27.1	57.2	0.0	99.2	22.9	0.0	204	4	0	22.8
2019-06-05 23:30	25.6	27.0	57.2	0.0	98.9	23.0	0.0	193	4	0	22.8
2019-06-05 23:45	25.5	26.8	57.5	0.0	99.0	22.8	0.0	230	1	0	22.6
2019-06-06 00:00	25.4	26.7	57.5	0.0	99.5	22.5	0.0	238	1	0	22.4
2019-06-06 00:15	25.3	26.6	57.5	0.0	99.8	22.6	0.0	271	3	0	22.6
2019-06-06 00:30	25.3	26.5	57.0	0.0	99.9	22.7	0.0	273	1	0	22.7
2019-06-06 00:45	25.3	26.4	56.9	0.0	99.9	22.8	0.0	269	8	0	22.8
2019-06-06 01:00	25.4	26.4	56.9	0.0	99.8	22.9	0.0	259	1	0	22.9
2019-06-06 01:15	25.4	26.4	56.9	0.0	99.5	22.8	0.0	232	1	0	22.7
2019-06-06 01:30	25.4	26.4	56.7	0.0	98.8	22.8	0.0	221	1	0	22.6
2019-06-06 01:45	25.3	26.3	56.9	0.0	99.2	22.7	0.0	223	0	0	22.6
2019-06-06 02:00	25.3	26.3	56.7	0.0	99.5	22.6	0.0	269	1	0	22.5
2019-06-06 02:15	25.2	26.2	56.9	0.0	99.4	22.3	0.0	245	3	0	22.2
2019-06-06 02:30	25.1	26.2	56.9	0.0	99.6	22.4	0.0	40	12	3	22.3
2019-06-06 02:45	24.9	26.1	57.2	0.0	96.9	20.8	2.7	77	53	25	20.3
2019-06-06 03:00	24.4	26.0	61.4	0.0	98.2	18.9	1.0	101	38	24	18.6
2019-06-06 03:15	24.1	25.7	61.4	0.0	97.1	18.9	0.5	98	35	19	18.4
2019-06-06 03:30	23.8	25.5	61.5	0.0	97.4	18.9	1.2	90	25	16	18.5
2019-06-06 03:45	23.4	25.3	61.9	0.0	98.6	18.8	1.0	105	19	9	18.6
2019-06-06 04:00	23.3	25.1	61.7	0.0	97.6	19.0	0.5	120	17	9	18.6
2019-06-06 04:15	23.2	24.9	61.9	0.0	96.9	19.1	0.2	156	20	6	18.6
2019-06-06 04:30	23.1	24.7	61.5	0.0	97.9	18.9	0.0	203	16	6	18.6
2019-06-06 04:45	22.9	24.6	61.0	0.0	98.5	18.9	0.0	224	11	3	18.7
2019-06-06 05:00	22.8	24.4	61.0	0.0	98.7	18.8	0.0	194	9	1	18.6
2019-06-06 05:15	22.7	24.3	61.0	0.0	98.5	18.7	0.0	100	16	3	18.5
2019-06-06 05:30	22.6	24.2	61.0	0.0	98.8	18.6	0.0	251	4	0	18.4
2019-06-06 05:45	22.5	24.1	61.2	0.0	99.5	18.5	0.0	152	8	1	18.4
2019-06-06 06:00	22.5	24.1	61.0	0.0	99.8	18.5	0.0	77	8	3	18.5
2019-06-06 06:15	22.4	23.9	60.8	0.0	99.8	18.7	0.0	42	8	3	18.7
2019-06-06 06:30	22.3	23.9	60.6	1.0	99.9	18.4	0.0	45	6	1	18.4
2019-06-06 06:45	22.2	23.8	60.8	11.0	99.9	18.4	0.0	49	6	1	18.4
2019-06-06 07:00	22.1	23.7	60.4	13.0	99.9	18.4	0.0	29	6	1	18.4
2019-06-06 07:15	22.1	23.6	60.4	82.0	99.7	18.8	0.0	33	4	1	18.8
2019-06-06 07:30	22.2	23.6	60.4	108.0	98.6	19.4	0.0	49	6	1	19.2
2019-06-06 07:45	22.4	23.6	60.4	99.0	98.2	19.7	0.0	53	8	3	19.4
2019-06-06 08:00	22.7	23.6	60.4	147.0	97.3	20.1	0.0	50	8	3	19.7
2019-06-06 08:15	23.1	23.7	60.3	122.0	96.5	20.1	0.0	60	9	4	19.5
2019-06-06 08:30	23.4	23.9	60.3	200.0	95.3	20.3	0.0	69	12	4	19.5
2019-06-06 08:45	23.9	24.1	60.1	245.0	93.3	20.6	0.0	57	12	6	19.5
2019-06-06 09:00	24.4	24.3	59.5	324.0	92.2	21.2	0.0	62	14	6	19.9
2019-06-06 09:15	24.9	24.6	59.4	347.0	90.4	21.3	0.0	49	12	6	19.7
2019-06-06 09:30	25.7	24.8	59.2	600.0	86.2	22.6	0.0	57	12	6	20.2
2019-06-06 09:45	26.8	25.3	58.7	556.0	85.4	22.9	0.0	69	14	8	20.3
2019-06-06 10:00	27.4	25.8	58.9	447.0	85.4	22.8	0.0	62	14	6	20.2
2019-06-06 10:15	27.8	26.3	58.7	554.0	81.8	23.6	0.0	66	12	6	20.3
2019-06-06 10:30	28.7	26.6	58.4	699.0	79.4	24.4	0.0	57	12	4	20.6
2019-06-06 10:45	29.4	27.1	58.4	671.0	78.9	24.3	0.0	104	9	1	20.4
2019-06-06 11:00	30.1	27.6	58.3	824.0	76.7	25.3	0.0	86	12	6	20.9
2019-06-06 11:15	31.0	28.1	58.0	842.0	74.8	25.8	0.0	59	12	4	21.0
2019-06-06 11:30	31.8	28.7	57.8	859.0	72.1	26.4	0.0	56	14	6	21.0
2019-06-06 11:45	32.6	29.3	57.8	868.0	69.5	27.1	0.0	52	14	6	21.0
2019-06-06 12:00	33.2	29.8	57.8	913.0	66.6	27.6	0.0	63	12	4	20.8
2019-06-06 12:15	33.9	30.3	57.6	935.0	65.0	28.0	0.0	86	16	8	20.8
2019-06-06 12:30	34.6	30.8	57.6	954.0	63.1	28.6	0.0	91	16	8	20.9
2019-06-06 12:45	35.2	31.3	57.6	971.0	59.6	28.9	0.0	76	16	6	20.2
2019-06-06 13:00	35.8	31.8	57.6	982.0	59.8	29.6	0.0	98	12	3	21.0
2019-06-06 13:15	36.4	32.3	57.6	989.0	59.4	30.1	0.0	96	12	3	21.3
2019-06-06 13:30	37.1	32.8	57.8	993.0	58.5	30.3	0.0	91	12	3	21.3
2019-06-06 13:45	37.6	33.3	57.8	989.0	58.4	30.5	0.0	131	9	3	21.4
2019-06-06 14:00	38.1	33.7	57.8	983.0	56.6	31.0	0.0	128	6	0	21.4
2019-06-06 14:15	38.7	34.2	58.0	995.0	56.3	31.2	0.0	124	8	1	21.5
2019-06-06 14:30	39.2	34.7	58.0	963.0	55.6	30.9	0.0	111	11	3	21.0
2019-06-06 14:45	39.6	35.1	58.1	945.0	53.6	32.2	0.0	155	9	0	21.6
2019-06-06 15:00	39.9	35.5	58.1	932.0	53.7	31.3	0.0	87	11	1	20.8
2019-06-06 15:15	40.2	35.9	58.1	911.0	52.7	31.8	0.0	145	8	1	20.9
2019-06-06 15:30	40.4	36.2	58.1	890.0	53.6	31.6	0.0	118	8	1	21.0
2019-06-06 15:45	40.6	36.5	58.0	898.0	52.2	31.9	0.0	221	12	1	20.9
2019-06-06 16:00	40.7	36.8	58.0	794.0	52.6	31.8	0.0	296	8	3	20.9
2019-06-06 16:15	40.6	37.1	58.0	806.0	52.2	32.3	0.0	316	8	3	21.3
2019-06-06 16:30	40.7	37.2	58.0	704.0	50.7	32.6	0.0	282	8	1	21.1
2019-06-06 16:45	40.3	37.3	58.0	499.0	51.8	32.3	0.0	292	9	1	21.1
2019-06-06 17:00	39.6	37.3	57.6	336.0	55.3	31.1	0.0	283	14	4	21.1
2019-06-06 17:15	38.9	37.1	57.6	598.0	57.4	31.2	0.0	292	14	6	21.8
2019-06-06 17:30	38.5	36.9	57.8	557.0	63.4	29.3	0.0	290	19	9	21.6
2019-06-06 17:45	37.9	36.7	57.6	462.0	64.1	29.1	0.0	307	12	6	21.6
2019-06-06 18:00	37.4	36.4	57.5	437.0	64.1	29.7	0.0	309	12	6	22.2
2019-06-06 18:15	36.8	36.2	57.6	343.0	63.8	29.6	0.0	313	9	4	22.0
2019-06-06 18:30	36.1	35.9	57.2	216.0	62.9	29.3	0.0	323	9	3	21.5
2019-06-06 18:45	35.2	35.6	57.5	194.0	63.5	29.6	0.0	330	6	1	21.9
2019-06-06 19:00	34.3	35.1	57.6	175.0	64.4	29.4	0.0	333	8	1	22.0
2019-06-06 19:15	33.7	34.6	57.8	148.0	64.2	29.3	0.0	254	4	0	21.8
2019-06-06 19:30	33.1	34.2	57.8	144.0	65.3	29.1	0.0	276	4	0	21.9
2019-06-06 19:45	32.6	33.7	57.8	107.0	67.6	28.7	0.0	334	3	0	22.1
2019-06-06 20:00	32.1	33.3	57.6	64.0	72.0	28.1	0.0	333	1	0	22.6
2019-06-06 20:15	31.6	32.9	57.5	19.0	77.2	26.8	0.0	228	1	0	22.5
2019-06-06 20:30	31.2	32.6	57.2	8.0	82.4	25.6	0.0	221	1	0	22.4
2019-06-06 20:45	30.8	32.2	57.2	1.0	90.2	24.6	0.0	299	1	0	22.9
2019-06-06 21:00	30.3	31.8	57.2	0.0	93.3	23.6	0.0	299	0	0	22.5
2019-06-06 21:15	30.0	31.5	57.2	0.0	88.5	24.2	0.0	299	1	0	22.2
2019-06-06 21:30	29.7	31.2	57.2	0.0	93.2	23.7	0.0	299	1	0	22.5
2019-06-06 21:45	29.4	30.9	57.2	0.0	93.9	23.6	0.0	299	1	0	22.6
2019-06-06 22:00	29.3	30.7	57.2	0.0	93.6	23.9	0.0	299	1	0	22.8
2019-06-06 22:15	29.1	30.4	57.2	0.0	94.9	24.0	0.0	299	0	0	23.1
2019-06-06 22:30	28.8	30.2	57.2	0.0	95.1	23.7	0.0	299	0	0	22.9
2019-06-06 22:45	28.7	30.0	57.2	0.0	96.3	23.5	0.0	299	0	0	22.9
2019-06-06 23:00	28.4	29.8	57.2	0.0	96.7	23.1	0.0	299	1	0	22.5
2019-06-06 23:15	28.2	29.7	57.2	0.0	97.6	22.7	0.0	299	1	0	22.3
2019-06-06 23:30	27.9	29.4	57.2	0.0	98.1	22.1	0.0	172	3	0	21.8
2019-06-06 23:45	27.7	29.3	57.2	0.0	93.5	23.1	0.0	105	6	0	22.0
2019-06-07 00:00	27.5	29.0	57.2	0.0	95.4	22.5	0.0	118	1	0	21.7
2019-06-07 00:15	27.3	28.8	57.0	0.0	96.4	22.1	0.0	120	1	0	21.5
2019-06-07 00:30	27.1	28.6	57.0	0.0	97.4	21.5	0.0	122	0	0	21.1
2019-06-07 00:45	26.8	28.4	57.2	0.0	98.2	20.9	0.0	122	0	0	20.6
2019-06-07 01:00	26.7	28.3	57.2	0.0	98.8	20.6	0.0	122	0	0	20.4
2019-06-07 01:15	26.4	28.1	57.0	0.0	99.1	20.4	0.0	122	0	0	20.3
2019-06-07 01:30	26.3	27.9	56.7	0.0	99.4	20.7	0.0	122	1	0	20.6
2019-06-07 01:45	26.1	27.7	56.9	0.0	99.5	20.3	0.0	122	0	0	20.2
2019-06-07 02:00	25.9	27.6	56.7	0.0	99.7	19.8	0.0	122	0	0	19.8
2019-06-07 02:15	25.8	27.4	56.7	0.0	99.9	20.4	0.0	122	0	0	20.4
2019-06-07 02:30	25.6	27.3	56.9	0.0	99.9	20.6	0.0	122	0	0	20.6
2019-06-07 02:45	25.4	27.1	56.9	0.0	99.9	20.1	0.0	122	0	0	20.1
2019-06-07 03:00	25.3	26.9	56.9	0.0	99.9	19.9	0.0	122	0	0	19.9
2019-06-07 03:15	25.2	26.8	56.9	0.0	99.9	19.7	0.0	122	1	0	19.7
2019-06-07 03:30	25.1	26.7	56.9	0.0	99.9	20.1	0.0	122	0	0	20.1
2019-06-07 03:45	24.9	26.6	56.9	0.0	99.9	19.8	0.0	122	0	0	19.8
2019-06-07 04:00	24.8	26.4	56.9	0.0	99.9	20.1	0.0	115	1	0	20.1
2019-06-07 04:15	24.7	26.3	56.9	0.0	99.9	19.7	0.0	104	0	0	19.7
2019-06-07 04:30	24.6	26.2	57.0	0.0	99.9	19.3	0.0	104	0	0	19.3
2019-06-07 04:45	24.4	26.1	56.9	0.0	99.9	19.2	0.0	104	0	0	19.2
2019-06-07 05:00	24.3	26.0	56.9	0.0	99.9	19.3	0.0	104	0	0	19.3
2019-06-07 05:15	24.2	25.9	56.9	0.0	99.9	19.3	0.0	104	1	0	19.3
2019-06-07 05:30	24.2	25.8	56.9	0.0	99.6	19.6	0.0	90	3	0	19.5
2019-06-07 05:45	24.1	25.7	56.9	0.0	97.0	20.1	0.0	80	1	0	19.6
2019-06-07 06:00	24.0	25.6	56.9	0.0	97.4	19.7	0.0	80	1	0	19.3
2019-06-07 06:15	23.9	25.5	56.9	0.0	98.6	19.2	0.0	80	0	0	19.0
2019-06-07 06:30	23.8	25.4	56.9	2.0	99.4	19.1	0.0	94	1	0	19.0
2019-06-07 06:45	23.7	25.3	56.9	15.0	98.6	19.8	0.0	152	1	0	19.6
2019-06-07 07:00	23.7	25.2	56.9	63.0	96.0	20.6	0.0	353	1	0	19.9
2019-06-07 07:15	23.7	25.2	56.7	102.0	94.6	21.3	0.0	251	1	0	20.4
2019-06-07 07:30	23.8	25.2	56.6	140.0	92.9	21.8	0.0	35	3	0	20.6
2019-06-07 07:45	23.9	25.1	56.4	182.0	91.2	22.1	0.0	32	4	0	20.6
2019-06-07 08:00	24.0	25.1	56.2	227.0	88.4	22.7	0.0	40	4	1	20.7
2019-06-07 08:15	24.4	25.2	56.0	272.0	85.1	23.9	0.0	67	6	1	21.2
2019-06-07 08:30	25.2	25.3	55.8	312.0	80.6	24.9	0.0	64	8	3	21.3
2019-06-07 08:45	26.1	25.6	55.7	361.0	77.5	25.8	0.0	98	9	3	21.6
2019-06-07 09:00	26.8	25.9	55.5	414.0	73.1	26.3	0.0	103	8	3	21.1
2019-06-07 09:15	27.7	26.3	55.5	465.0	69.3	26.7	0.0	103	9	4	20.6
2019-06-07 09:30	28.4	26.8	55.5	517.0	67.3	27.3	0.0	114	11	4	20.7
2019-06-07 09:45	29.3	27.2	55.4	568.0	63.9	27.7	0.0	103	11	6	20.2
2019-06-07 10:00	30.2	27.7	55.2	618.0	65.3	27.8	0.0	110	11	6	20.7
2019-06-07 10:15	31.1	28.2	55.0	661.0	65.6	27.8	0.0	128	9	4	20.8
2019-06-07 10:30	31.9	28.8	55.4	705.0	63.5	28.7	0.0	112	12	6	21.1
2019-06-07 10:45	32.8	29.4	55.5	746.0	61.9	29.0	0.0	121	11	4	21.0
2019-06-07 11:00	33.7	29.9	55.5	783.0	59.7	29.6	0.0	91	12	6	20.9
2019-06-07 11:15	34.6	30.6	55.5	848.0	59.5	29.8	0.0	114	16	6	21.1
2019-06-07 11:30	35.4	31.2	55.5	798.0	59.2	29.8	0.0	110	17	6	21.0
2019-06-07 11:45	36.1	31.8	55.5	672.0	57.3	30.2	0.0	88	12	4	20.8
2019-06-07 12:00	36.0	32.3	55.8	399.0	61.5	29.2	0.0	107	11	4	21.0
2019-06-07 12:15	35.8	32.6	56.0	583.0	60.5	29.7	0.0	115	11	3	21.2
2019-06-07 12:30	35.9	32.7	55.7	607.0	60.3	30.0	0.0	110	12	6	21.5
2019-06-07 12:45	36.1	32.9	56.0	457.0	60.2	29.6	0.0	90	9	4	21.1
2019-06-07 13:00	36.1	33.1	56.0	826.0	58.1	30.6	0.0	84	14	4	21.4
2019-06-07 13:15	37.1	33.3	55.8	835.0	54.7	31.1	0.0	59	16	6	20.9
2019-06-07 13:30	37.6	33.8	55.8	839.0	54.0	31.1	0.0	63	14	6	20.7
2019-06-07 13:45	38.6	34.2	55.8	976.0	51.4	31.7	0.0	66	17	9	20.4
2019-06-07 14:00	39.3	34.8	55.8	1027.0	50.9	32.1	0.0	70	17	8	20.7
2019-06-07 14:15	40.2	35.3	55.8	1020.0	50.5	32.1	0.0	88	17	9	20.5
2019-06-07 14:30	40.6	35.9	55.8	797.0	51.4	31.6	0.0	94	19	11	20.4
2019-06-07 14:45	40.9	36.3	55.8	1055.0	49.0	32.4	0.0	73	19	11	20.3
2019-06-07 15:00	41.6	36.7	55.7	989.0	49.5	32.3	0.0	80	20	12	20.4
2019-06-07 15:15	41.9	37.1	55.8	810.0	51.6	31.8	0.0	104	24	12	20.6
2019-06-07 15:30	41.6	37.5	56.4	741.0	53.6	31.5	0.0	105	19	9	20.9
2019-06-07 15:45	41.2	37.6	56.6	710.0	53.1	31.3	0.0	101	19	11	20.6
2019-06-07 16:00	41.3	37.7	56.2	723.0	50.7	31.9	0.0	98	19	11	20.4
2019-06-07 16:15	40.9	37.7	56.7	506.0	52.9	31.1	0.0	90	22	11	20.4
2019-06-07 16:30	40.5	37.7	56.7	567.0	52.1	31.3	0.0	96	19	9	20.3
2019-06-07 16:45	40.3	37.6	56.7	612.0	52.7	31.6	0.0	100	19	11	20.8
2019-06-07 17:00	40.0	37.6	56.7	632.0	52.4	31.8	0.0	101	19	9	20.9
2019-06-07 17:15	39.7	37.6	56.6	539.0	52.9	31.6	0.0	100	19	11	20.8
2019-06-07 17:30	39.3	37.4	56.7	502.0	52.8	31.5	0.0	105	20	9	20.7
2019-06-07 17:45	38.8	37.3	56.4	380.0	53.7	30.9	0.0	108	20	9	20.4
2019-06-07 18:00	38.1	37.1	56.2	376.0	53.1	31.2	0.0	97	16	8	20.5
2019-06-07 18:15	37.4	36.8	56.2	362.0	51.6	31.6	0.0	104	17	8	20.4
2019-06-07 18:30	36.6	36.4	56.2	230.0	53.7	30.9	0.0	118	17	9	20.4
2019-06-07 18:45	35.8	36.1	56.0	209.0	52.7	30.9	0.0	107	19	8	20.1
2019-06-07 19:00	35.1	35.7	55.7	205.0	53.6	30.8	0.0	110	16	9	20.3
2019-06-07 19:15	34.4	35.3	56.0	160.0	55.8	29.9	0.0	122	17	8	20.1
2019-06-07 19:30	33.7	34.8	56.2	152.0	57.0	29.5	0.0	129	14	6	20.1
2019-06-07 19:45	33.2	34.4	56.4	113.0	59.8	29.0	0.0	146	9	4	20.4
2019-06-07 20:00	32.6	33.9	56.4	67.0	61.5	28.4	0.0	151	9	3	20.3
2019-06-07 20:15	32.2	33.6	56.4	19.0	63.0	27.6	0.0	146	9	3	19.9
2019-06-07 20:30	31.6	33.1	56.4	7.0	66.4	26.6	0.0	152	6	1	19.8
2019-06-07 20:45	31.2	32.8	56.6	1.0	71.3	25.5	0.0	145	4	0	19.9
2019-06-07 21:00	30.7	32.4	56.6	0.0	79.9	24.0	0.0	144	1	0	20.3
2019-06-07 21:15	30.3	32.1	56.6	0.0	85.2	22.9	0.0	144	0	0	20.3
2019-06-07 21:30	29.9	31.7	56.6	0.0	89.5	22.2	0.0	144	0	0	20.4
2019-06-07 21:45	29.6	31.4	56.6	0.0	90.3	22.1	0.0	144	0	0	20.4
2019-06-07 22:00	29.3	31.1	56.6	0.0	91.5	21.7	0.0	144	0	0	20.3
2019-06-07 22:15	29.0	30.8	56.6	0.0	91.1	21.7	0.0	144	0	0	20.2
2019-06-07 22:30	28.7	30.6	56.6	0.0	92.7	21.1	0.0	144	0	0	19.9
2019-06-07 22:45	28.4	30.2	56.6	0.0	93.7	20.9	0.0	144	0	0	19.8
2019-06-07 23:00	28.2	30.0	56.4	0.0	91.6	21.3	0.0	144	0	0	19.9
2019-06-07 23:15	27.9	29.8	56.0	0.0	91.3	21.4	0.0	144	0	0	19.9
2019-06-07 23:30	27.7	29.6	55.8	0.0	92.5	21.2	0.0	144	0	0	19.9
2019-06-07 23:45	27.6	29.4	55.8	0.0	91.2	21.2	0.0	144	0	0	19.7
2019-06-08 00:00	27.4	29.2	55.8	0.0	84.2	22.5	0.0	117	0	0	19.7
2019-06-08 00:15	27.2	28.9	55.8	0.0	89.1	21.8	0.0	108	0	0	19.9
2019-06-08 00:30	27.1	28.8	55.8	0.0	85.6	22.4	0.0	77	0	0	19.9
2019-06-08 00:45	26.9	28.6	55.8	0.0	84.4	22.8	0.0	63	0	0	20.0
2019-06-08 01:00	26.7	28.4	55.8	0.0	91.1	21.3	0.0	69	0	0	19.8
2019-06-08 01:15	26.6	28.3	55.8	0.0	89.7	21.6	0.0	69	0	0	19.8
2019-06-08 01:30	26.4	28.2	55.8	0.0	91.2	21.3	0.0	69	0	0	19.8
2019-06-08 01:45	26.3	28.0	55.8	0.0	92.1	21.1	0.0	69	0	0	19.8
2019-06-08 02:00	26.2	27.8	55.8	0.0	89.0	21.8	0.0	69	0	0	19.9
2019-06-08 02:15	26.1	27.7	55.8	0.0	87.7	22.1	0.0	50	0	0	20.0
2019-06-08 02:30	25.9	27.6	55.8	0.0	87.8	22.1	0.0	53	0	0	20.0
2019-06-08 02:45	25.8	27.4	55.8	0.0	91.1	21.4	0.0	55	0	0	19.9
2019-06-08 03:00	25.7	27.3	56.0	0.0	90.7	21.7	0.0	55	0	0	20.1
2019-06-08 03:15	25.6	27.2	56.0	0.0	91.8	21.6	0.0	55	0	0	20.2
2019-06-08 03:30	25.4	27.1	56.0	0.0	93.1	21.3	0.0	48	0	0	20.1
2019-06-08 03:45	25.3	26.9	56.0	0.0	91.7	21.2	0.0	52	0	0	19.8
2019-06-08 04:00	25.2	26.9	55.7	0.0	90.7	21.2	0.0	56	0	0	19.6
2019-06-08 04:15	25.1	26.7	55.8	0.0	89.9	21.2	0.0	64	0	0	19.5
2019-06-08 04:30	25.0	26.7	55.7	0.0	91.1	20.8	0.0	67	0	0	19.3
2019-06-08 04:45	24.9	26.6	55.5	0.0	91.3	20.7	0.0	69	0	0	19.2
2019-06-08 05:00	24.8	26.4	55.5	0.0	91.4	20.7	0.0	63	0	0	19.2
2019-06-08 05:15	24.7	26.3	55.5	0.0	92.2	20.8	0.0	70	0	0	19.5
2019-06-08 05:30	24.6	26.2	55.5	0.0	94.5	20.3	0.0	81	0	0	19.4
2019-06-08 05:45	24.5	26.1	55.5	0.0	95.7	19.7	0.0	81	0	0	19.0
2019-06-08 06:00	24.4	26.0	55.4	0.0	95.7	19.9	0.0	97	0	0	19.2
2019-06-08 06:15	24.3	25.9	55.5	0.0	93.6	20.3	0.0	90	4	0	19.2
2019-06-08 06:30	24.3	25.8	55.5	3.0	93.6	20.3	0.0	101	3	0	19.2
2019-06-08 06:45	24.2	25.8	55.5	15.0	94.4	20.1	0.0	103	6	1	19.2
2019-06-08 07:00	24.2	25.7	55.5	54.0	90.7	21.3	0.0	107	6	1	19.7
2019-06-08 07:15	24.2	25.6	55.4	87.0	88.2	22.0	0.0	93	4	1	20.0
2019-06-08 07:30	24.2	25.6	55.4	125.0	85.1	23.1	0.0	90	4	1	20.5
2019-06-08 07:45	24.3	25.6	55.4	168.0	81.7	24.3	0.0	100	4	1	21.0
2019-06-08 08:00	24.4	25.6	55.2	214.0	78.6	24.8	0.0	98	9	3	20.8
2019-06-08 08:15	24.7	25.6	55.2	264.0	76.5	25.4	0.0	97	8	3	21.0
2019-06-08 08:30	25.5	25.7	54.5	317.0	75.1	26.1	0.0	112	9	3	21.3
2019-06-08 08:45	26.3	25.9	54.5	370.0	72.4	26.7	0.0	121	9	4	21.3
2019-06-08 09:00	27.1	26.2	54.3	423.0	69.4	28.0	0.0	111	8	3	21.9
2019-06-08 09:15	28.1	26.6	54.3	476.0	66.6	28.6	0.0	114	9	3	21.8
2019-06-08 09:30	28.9	27.1	54.2	527.0	65.3	29.1	0.0	108	8	3	21.9
2019-06-08 09:45	29.8	27.6	53.8	578.0	63.4	29.4	0.0	131	11	3	21.7
2019-06-08 10:00	30.7	28.1	53.8	628.0	61.5	29.7	0.0	120	8	3	21.5
2019-06-08 10:15	31.6	28.6	53.9	672.0	60.7	30.1	0.0	105	11	4	21.7
2019-06-08 10:30	32.6	29.2	54.2	717.0	60.0	30.2	0.0	108	11	4	21.6
2019-06-08 10:45	33.4	29.8	54.2	760.0	59.9	30.6	0.0	107	9	3	21.9
2019-06-08 11:00	34.4	30.4	54.2	797.0	57.5	30.7	0.0	97	11	4	21.3
2019-06-08 11:15	35.3	31.1	54.2	835.0	56.6	30.9	0.0	94	11	3	21.3
2019-06-08 11:30	36.2	31.7	54.3	870.0	54.2	31.2	0.0	91	14	4	20.8
2019-06-08 11:45	36.9	32.3	54.5	900.0	53.0	31.6	0.0	105	9	1	20.9
2019-06-08 12:00	37.7	32.9	54.6	924.0	53.8	31.9	0.0	94	8	1	21.4
2019-06-08 12:15	38.5	33.5	54.3	944.0	53.1	32.2	0.0	56	9	3	21.4
2019-06-08 12:30	39.3	34.2	54.5	961.0	53.0	32.3	0.0	96	11	1	21.5
2019-06-08 12:45	39.9	34.8	54.8	976.0	50.7	33.1	0.0	138	9	1	21.5
2019-06-08 13:00	40.6	35.3	55.0	987.0	49.6	33.0	0.0	146	9	3	21.1
2019-06-08 13:15	41.2	35.9	55.0	996.0	48.2	33.4	0.0	110	12	1	21.0
2019-06-08 13:30	41.7	36.3	55.0	1002.0	46.3	33.7	0.0	165	9	3	20.6
2019-06-08 13:45	42.2	36.8	54.8	981.0	48.1	33.7	0.0	110	9	1	21.2
2019-06-08 14:00	42.6	37.3	54.8	995.0	48.8	34.1	0.0	145	9	3	21.8
2019-06-08 14:15	42.9	37.7	54.8	982.0	47.8	33.8	0.0	125	11	4	21.2
2019-06-08 14:30	43.2	38.1	54.6	969.0	46.3	34.0	0.0	96	16	3	20.9
2019-06-08 14:45	43.6	38.4	54.5	949.0	46.2	33.8	0.0	105	11	4	20.6
2019-06-08 15:00	43.8	38.8	54.5	926.0	46.3	34.5	0.0	138	9	1	21.3
2019-06-08 15:15	43.9	39.1	54.5	905.0	45.1	34.6	0.0	104	9	3	21.0
2019-06-08 15:30	44.0	39.3	54.5	871.0	44.0	34.7	0.0	129	11	1	20.7
2019-06-08 15:45	44.1	39.6	54.5	836.0	43.9	35.0	0.0	145	14	3	20.9
2019-06-08 16:00	43.9	39.7	54.5	803.0	44.8	35.1	0.0	128	17	3	21.3
2019-06-08 16:15	43.8	39.8	54.6	767.0	45.2	35.0	0.0	108	11	1	21.4
2019-06-08 16:30	43.7	39.9	54.8	728.0	44.3	35.1	0.0	135	6	1	21.1
2019-06-08 16:45	43.4	40.0	54.8	687.0	45.3	34.9	0.0	124	12	3	21.3
2019-06-08 17:00	43.0	40.0	55.2	638.0	42.9	35.0	0.0	132	6	0	20.5
2019-06-08 17:15	42.3	39.9	55.5	589.0	44.0	34.8	0.0	108	8	3	20.7
2019-06-08 17:30	41.5	39.7	55.7	547.0	44.7	35.0	0.0	122	8	1	21.2
2019-06-08 17:45	40.9	39.5	55.8	497.0	45.0	35.1	0.0	192	9	1	21.4
2019-06-08 18:00	40.4	39.2	56.2	438.0	46.2	35.0	0.0	201	4	0	21.7
2019-06-08 18:15	39.8	38.9	55.7	341.0	46.2	34.6	0.0	192	6	1	21.4
2019-06-08 18:30	38.8	38.6	55.5	219.0	47.8	34.2	0.0	224	6	1	21.6
2019-06-08 18:45	37.9	38.2	55.5	195.0	50.6	33.4	0.0	227	6	1	21.8
2019-06-08 19:00	37.1	37.7	55.7	175.0	51.2	33.0	0.0	234	8	1	21.6
2019-06-08 19:15	36.3	37.2	55.5	150.0	52.6	32.7	0.0	240	6	1	21.7
2019-06-08 19:30	35.7	36.7	55.2	141.0	54.4	32.1	0.0	252	6	1	21.7
2019-06-08 19:45	35.1	36.2	55.2	105.0	57.3	31.5	0.0	241	3	0	22.0
2019-06-08 20:00	34.6	35.8	55.4	62.0	61.3	30.6	0.0	238	3	0	22.3
2019-06-08 20:15	34.1	35.4	55.4	20.0	66.2	29.3	0.0	231	3	0	22.3
2019-06-08 20:30	33.6	35.0	55.5	8.0	71.2	28.2	0.0	193	1	0	22.5
2019-06-08 20:45	33.1	34.6	55.7	1.0	75.0	27.3	0.0	163	0	0	22.5
2019-06-08 21:00	32.6	34.2	55.7	0.0	80.8	26.2	0.0	115	0	0	22.6
2019-06-08 21:15	32.2	33.8	55.7	0.0	85.7	25.2	0.0	115	0	0	22.6
2019-06-08 21:30	31.8	33.5	55.7	0.0	87.6	24.7	0.0	115	0	0	22.5
2019-06-08 21:45	31.4	33.2	55.8	0.0	86.8	24.4	0.0	115	0	0	22.1
2019-06-08 22:00	31.1	32.8	55.8	0.0	88.6	24.2	0.0	115	0	0	22.2
2019-06-08 22:15	30.8	32.6	55.8	0.0	92.5	23.8	0.0	115	0	0	22.5
2019-06-08 22:30	30.4	32.3	55.8	0.0	87.1	24.1	0.0	115	0	0	21.8
2019-06-08 22:45	30.2	32.0	55.7	0.0	83.8	24.6	0.0	115	0	0	21.7
2019-06-08 23:00	29.9	31.7	55.4	0.0	85.5	24.4	0.0	139	0	0	21.8
2019-06-08 23:15	29.7	31.4	55.2	0.0	85.9	24.4	0.0	186	0	0	21.9
2019-06-08 23:30	29.5	31.2	55.2	0.0	88.7	23.8	0.0	186	0	0	21.8
2019-06-08 23:45	29.3	31.0	55.2	0.0	88.5	23.8	0.0	186	1	0	21.8
2019-06-09 00:00	29.1	30.8	55.2	0.0	88.3	23.9	0.0	196	1	0	21.8
2019-06-09 00:15	28.8	30.6	55.2	0.0	88.8	23.9	0.0	224	1	0	21.9
2019-06-09 00:30	28.7	30.4	55.2	0.0	89.5	23.8	0.0	223	1	0	22.0
2019-06-09 00:45	28.5	30.2	55.2	0.0	90.5	23.7	0.0	227	1	0	22.1
2019-06-09 01:00	28.3	30.1	55.2	0.0	91.2	23.4	0.0	227	1	0	21.9
2019-06-09 01:15	28.2	29.9	55.2	0.0	92.6	23.2	0.0	227	1	0	21.9
2019-06-09 01:30	28.0	29.7	55.2	0.0	92.9	23.2	0.0	227	0	0	22.0
2019-06-09 01:45	27.8	29.6	55.2	0.0	93.5	23.2	0.0	227	0	0	22.1
2019-06-09 02:00	27.7	29.4	55.2	0.0	94.1	22.9	0.0	227	1	0	21.9
2019-06-09 02:15	27.6	29.3	55.2	0.0	93.2	23.2	0.0	227	1	0	22.0
2019-06-09 02:30	27.4	29.1	55.2	0.0	92.5	23.2	0.0	230	1	0	21.9
2019-06-09 02:45	27.3	28.9	55.2	0.0	94.1	22.7	0.0	231	0	0	21.7
2019-06-09 03:00	27.2	28.8	55.2	0.0	95.6	21.9	0.0	231	0	0	21.2
2019-06-09 03:15	27.0	28.7	55.2	0.0	97.5	21.2	0.0	231	0	0	20.8
2019-06-09 03:30	26.9	28.5	55.0	0.0	98.3	21.2	0.0	231	0	0	20.9
2019-06-09 03:45	26.7	28.4	55.0	0.0	98.5	21.1	0.0	231	0	0	20.9
2019-06-09 04:00	26.6	28.3	55.0	0.0	98.6	21.3	0.0	231	0	0	21.1
2019-06-09 04:15	26.5	28.1	54.8	0.0	98.5	20.9	0.0	231	0	0	20.7
2019-06-09 04:30	26.4	28.0	54.8	0.0	98.9	20.8	0.0	231	0	0	20.6
2019-06-09 04:45	26.3	27.9	54.6	0.0	99.1	20.9	0.0	231	0	0	20.8
2019-06-09 05:00	26.2	27.8	54.5	0.0	99.1	21.2	0.0	231	0	0	21.1
2019-06-09 05:15	26.1	27.7	54.5	0.0	98.5	21.7	0.0	231	0	0	21.5
2019-06-09 05:30	26.0	27.6	54.5	0.0	97.0	22.2	0.0	221	1	0	21.7
2019-06-09 05:45	25.9	27.5	54.5	0.0	96.9	22.1	0.0	214	1	0	21.6
2019-06-09 06:00	25.9	27.4	54.5	0.0	97.2	22.0	0.0	216	0	0	21.5
2019-06-09 06:15	25.8	27.3	54.5	0.0	97.3	22.0	0.0	156	0	0	21.6
2019-06-09 06:30	25.8	27.2	54.5	2.0	97.0	22.1	0.0	207	3	0	21.6
2019-06-09 06:45	25.8	27.2	54.5	15.0	96.7	22.4	0.0	218	3	0	21.8
2019-06-09 07:00	25.8	27.1	54.5	34.0	95.2	22.8	0.0	216	1	0	22.0
2019-06-09 07:15	25.8	27.1	54.5	65.0	94.1	23.1	0.0	235	0	0	22.1
2019-06-09 07:30	25.8	27.1	54.5	121.0	90.5	24.2	0.0	285	3	0	22.5
2019-06-09 07:45	25.9	27.1	54.5	165.0	88.1	24.9	0.0	240	3	0	22.8
2019-06-09 08:00	26.1	27.1	54.5	198.0	86.2	25.5	0.0	242	6	1	23.0
2019-06-09 08:15	26.3	27.1	54.5	244.0	84.2	26.2	0.0	248	4	1	23.3
2019-06-09 08:30	27.0	27.2	53.8	293.0	82.5	26.7	0.0	240	6	1	23.5
2019-06-09 08:45	27.7	27.3	53.6	343.0	79.7	27.6	0.0	247	8	1	23.8
2019-06-09 09:00	28.5	27.7	53.6	394.0	77.6	28.1	0.0	251	8	3	23.8
2019-06-09 09:15	29.3	28.0	53.5	443.0	75.7	28.8	0.0	256	8	3	24.1
2019-06-09 09:30	30.2	28.4	53.3	494.0	72.3	29.7	0.0	278	9	3	24.2
2019-06-09 09:45	31.0	28.9	53.1	546.0	69.2	30.4	0.0	273	8	1	24.1
2019-06-09 10:00	31.8	29.4	53.3	594.0	67.3	30.8	0.0	292	11	3	24.0
2019-06-09 10:15	32.7	29.9	53.5	640.0	66.0	31.0	0.0	293	9	4	23.9
2019-06-09 10:30	33.4	30.4	53.5	682.0	66.5	30.8	0.0	320	12	6	23.8
2019-06-09 10:45	34.2	30.9	53.5	722.0	66.5	31.1	0.0	316	12	6	24.1
2019-06-09 11:00	35.0	31.5	53.5	759.0	64.8	31.6	0.0	323	11	4	24.2
2019-06-09 11:15	35.8	32.0	53.6	799.0	62.4	32.2	0.0	303	11	6	24.1
2019-06-09 11:30	36.6	32.6	53.6	833.0	61.7	32.3	0.0	309	12	4	24.0
2019-06-09 11:45	37.4	33.1	53.9	859.0	61.9	32.4	0.0	310	12	6	24.2
2019-06-09 12:00	38.1	33.7	53.8	883.0	61.9	32.7	0.0	330	14	6	24.4
2019-06-09 12:15	38.8	34.2	53.6	903.0	61.3	33.1	0.0	307	12	6	24.7
2019-06-09 12:30	39.5	34.8	53.8	923.0	60.4	33.3	0.0	323	11	6	24.6
2019-06-09 12:45	40.1	35.3	53.8	925.0	59.9	33.7	0.0	304	14	4	24.8
2019-06-09 13:00	40.6	35.8	53.9	889.0	59.6	33.8	0.0	302	12	6	24.8
2019-06-09 13:15	41.2	36.3	53.8	932.0	59.3	33.9	0.0	300	16	8	24.8
2019-06-09 13:30	41.7	36.7	53.8	978.0	58.3	34.3	0.0	280	17	8	24.9
2019-06-09 13:45	42.3	37.2	53.6	986.0	57.1	34.7	0.0	299	12	6	25.0
2019-06-09 14:00	42.8	37.7	53.6	948.0	56.6	34.8	0.0	296	11	4	24.9
2019-06-09 14:15	43.2	38.1	53.5	950.0	54.8	35.2	0.0	283	12	4	24.7
2019-06-09 14:30	43.7	38.5	53.3	967.0	51.9	35.8	0.0	234	4	1	24.4
2019-06-09 14:45	44.1	38.9	53.6	933.0	54.2	35.7	0.0	265	12	3	25.0
2019-06-09 15:00	44.3	39.3	53.6	808.0	56.2	35.3	0.0	240	11	3	25.2
2019-06-09 15:15	44.4	39.6	53.8	809.0	56.4	35.1	0.0	254	12	4	25.1
2019-06-09 15:30	44.4	39.8	53.6	849.0	54.7	35.8	0.0	280	14	4	25.3
2019-06-09 15:45	44.2	40.0	53.9	603.0	56.8	34.9	0.0	272	14	4	25.1
2019-06-09 16:00	44.1	40.1	53.9	610.0	55.4	35.3	0.0	247	11	4	25.0
2019-06-09 16:15	43.3	40.1	54.5	365.0	58.7	34.3	0.0	224	11	4	25.0
2019-06-09 16:30	42.2	39.9	55.2	214.0	62.3	33.2	0.0	216	9	3	25.0
2019-06-09 16:45	41.2	39.6	55.0	219.0	63.6	32.7	0.0	206	19	6	24.9
2019-06-09 17:00	40.2	39.2	54.8	127.0	67.1	31.4	0.0	218	16	8	24.6
2019-06-09 17:15	38.9	38.8	55.2	36.0	76.2	29.2	1.0	206	24	8	24.6
2019-06-09 17:30	36.2	37.8	55.8	2.0	89.1	24.2	2.5	151	30	22	22.3
2019-06-09 17:45	34.1	36.9	60.8	0.0	89.3	24.2	3.0	155	25	14	22.3
2019-06-09 18:00	32.2	35.3	60.6	0.0	93.1	23.8	3.5	135	19	4	22.6
2019-06-09 18:15	30.6	33.9	61.5	0.0	94.1	23.4	1.7	173	9	1	22.4
2019-06-09 18:30	30.6	33.2	60.8	0.0	93.2	23.4	0.0	168	9	1	22.2
2019-06-09 18:45	30.4	32.8	60.1	1.0	92.8	23.5	0.0	285	12	6	22.3
2019-06-09 19:00	30.0	32.4	59.9	1.0	93.8	23.4	0.0	302	12	6	22.3
2019-06-09 19:15	29.7	32.1	59.4	1.0	93.1	23.7	0.0	293	9	3	22.5
2019-06-09 19:30	29.4	31.7	59.4	0.0	93.0	23.9	0.0	288	9	1	22.7
2019-06-09 19:45	29.2	31.3	58.9	0.0	95.7	23.7	0.0	197	3	0	23.0
2019-06-09 20:00	29.1	31.1	58.7	0.0	96.4	23.7	0.0	114	4	0	23.1
2019-06-09 20:15	29.0	30.9	58.3	1.0	95.8	23.9	0.0	135	4	0	23.2
2019-06-09 20:30	28.8	30.6	58.0	18.0	93.2	24.0	0.0	122	6	1	22.8
2019-06-09 20:45	28.7	30.4	58.0	6.0	94.7	23.7	0.0	94	3	0	22.8
2019-06-09 21:00	28.6	30.3	58.0	0.0	95.0	23.6	0.0	90	8	1	22.8
2019-06-09 21:15	28.4	30.1	58.0	0.0	94.6	23.4	0.0	98	6	1	22.5
2019-06-09 21:30	28.3	29.9	58.0	0.0	95.4	23.3	0.0	107	4	0	22.5
2019-06-09 21:45	28.1	29.8	57.8	0.0	95.5	23.2	0.0	110	6	1	22.4
2019-06-09 22:00	27.9	29.6	57.5	0.0	94.6	23.3	0.0	108	6	0	22.4
2019-06-09 22:15	27.8	29.4	57.2	0.0	94.8	23.2	0.0	111	4	1	22.3
2019-06-09 22:30	27.7	29.3	57.2	0.0	93.2	23.4	0.0	132	11	3	22.2
2019-06-09 22:45	27.4	29.1	57.2	0.0	90.3	23.6	0.0	136	17	9	21.9
2019-06-09 23:00	27.1	28.9	57.2	0.0	90.3	23.4	0.0	135	14	8	21.7
2019-06-09 23:15	26.9	28.7	57.2	0.0	89.3	23.5	0.0	148	17	8	21.6
2019-06-09 23:30	26.7	28.5	57.2	0.0	88.5	23.5	0.0	144	17	6	21.5
2019-06-09 23:45	26.5	28.3	57.2	0.0	87.8	23.4	0.0	142	11	4	21.3
2019-06-10 00:00	26.3	28.1	57.2	0.0	88.1	23.3	0.0	148	9	1	21.2
2019-06-10 00:15	26.2	28.0	57.2	0.0	88.0	23.2	0.0	141	8	3	21.1
2019-06-10 00:30	26.2	27.8	57.2	0.0	87.3	23.3	0.0	145	8	1	21.1
2019-06-10 00:45	26.1	27.7	57.2	0.0	86.7	23.3	0.0	145	8	3	21.0
2019-06-10 01:00	26.0	27.6	57.2	0.0	85.8	23.4	0.0	139	6	3	20.9
2019-06-10 01:15	26.0	27.5	57.2	0.0	86.1	23.4	0.0	136	8	1	20.9
2019-06-10 01:30	25.9	27.4	57.2	0.0	85.9	23.4	0.0	129	9	3	20.9
2019-06-10 01:45	25.9	27.3	57.0	0.0	84.6	23.6	0.0	134	11	4	20.9
2019-06-10 02:00	25.8	27.3	57.2	0.0	84.3	23.6	0.0	128	9	3	20.8
2019-06-10 02:15	25.7	27.2	57.0	0.0	85.2	23.5	0.0	120	8	3	20.9
2019-06-10 02:30	25.7	27.1	57.0	0.0	84.1	23.7	0.0	117	12	4	20.9
2019-06-10 02:45	25.6	27.0	56.9	0.0	83.2	23.8	0.0	124	14	6	20.8
2019-06-10 03:00	25.4	26.9	56.9	0.0	83.2	23.8	0.0	132	17	9	20.8
2019-06-10 03:15	25.3	26.8	56.9	0.0	83.2	23.8	0.0	136	19	9	20.8
2019-06-10 03:30	25.2	26.7	56.7	0.0	82.9	23.8	0.0	139	17	9	20.7
2019-06-10 03:45	25.1	26.6	56.7	0.0	83.5	23.6	0.0	135	14	8	20.6
2019-06-10 04:00	25.0	26.5	56.7	0.0	83.9	23.6	0.0	134	14	8	20.7
2019-06-10 04:15	24.9	26.4	56.6	0.0	83.5	23.6	0.0	139	16	8	20.6
2019-06-10 04:30	24.8	26.3	56.6	0.0	83.9	23.5	0.0	142	17	9	20.6
2019-06-10 04:45	24.7	26.2	56.6	0.0	84.0	23.4	0.0	138	19	8	20.5
2019-06-10 05:00	24.6	26.2	56.6	0.0	84.1	23.4	0.0	135	19	8	20.6
2019-06-10 05:15	24.5	26.1	56.6	0.0	84.3	23.3	0.0	138	16	8	20.5
2019-06-10 05:30	24.5	26.0	56.6	0.0	84.5	23.3	0.0	134	16	8	20.5
2019-06-10 05:45	24.4	25.9	56.7	0.0	83.8	23.4	0.0	135	17	11	20.5
2019-06-10 06:00	24.4	25.8	56.6	0.0	83.4	23.4	0.0	138	19	9	20.4
2019-06-10 06:15	24.3	25.8	56.6	0.0	84.4	23.4	0.0	128	19	9	20.6
2019-06-10 06:30	24.3	25.7	56.6	0.0	85.4	23.2	0.0	128	16	9	20.6
2019-06-10 06:45	24.3	25.7	56.7	4.0	85.0	23.2	0.0	128	19	9	20.5
2019-06-10 07:00	24.3	25.6	56.7	12.0	83.6	23.1	0.0	135	22	12	20.2
2019-06-10 07:15	24.3	25.6	56.7	25.0	83.5	23.0	0.0	129	24	11	20.1
2019-06-10 07:30	24.3	25.6	56.6	52.0	82.9	22.9	0.0	131	20	11	19.8
2019-06-10 07:45	24.3	25.5	56.6	50.0	83.7	22.8	0.0	120	20	9	19.9
2019-06-10 08:00	24.3	25.5	56.7	47.0	83.5	22.6	0.0	131	16	9	19.7
2019-06-10 08:15	24.3	25.5	56.7	51.0	83.6	22.3	0.0	121	20	11	19.4
2019-06-10 08:30	24.3	25.4	56.6	74.0	82.6	22.2	0.0	122	20	11	19.1
2019-06-10 08:45	24.3	25.4	56.6	84.0	82.3	22.1	0.0	125	22	9	18.9
2019-06-10 09:00	24.4	25.4	56.6	102.0	83.1	21.9	0.0	115	17	8	18.9
2019-06-10 09:15	24.5	25.4	56.6	138.0	81.6	21.9	0.0	121	16	11	18.6
2019-06-10 09:30	24.6	25.4	56.6	178.0	79.2	21.8	0.0	121	20	12	18.0
2019-06-10 09:45	24.7	25.5	56.6	234.0	77.4	21.9	0.0	127	20	12	17.8
2019-06-10 10:00	24.9	25.6	56.4	360.0	75.7	22.5	0.0	120	20	11	18.0
2019-06-10 10:15	25.4	25.6	56.2	416.0	73.9	22.8	0.0	124	20	11	17.9
2019-06-10 10:30	25.8	25.8	56.0	415.0	72.9	23.0	0.0	118	22	11	17.9
2019-06-10 10:45	26.4	26.1	55.8	464.0	71.7	23.3	0.0	118	19	9	17.9
2019-06-10 11:00	26.6	26.3	56.2	376.0	72.0	22.8	0.0	124	20	11	17.5
2019-06-10 11:15	26.8	26.5	56.0	586.0	70.0	23.7	0.0	129	19	11	17.9
2019-06-10 11:30	27.6	26.7	55.8	754.0	68.2	24.7	0.0	120	20	11	18.4
2019-06-10 11:45	28.6	27.1	55.7	730.0	67.2	25.2	0.0	118	20	12	18.7
2019-06-10 12:00	29.6	27.6	55.5	894.0	65.5	26.1	0.0	114	24	12	19.1
2019-06-10 12:15	30.7	28.1	55.2	829.0	64.6	26.2	0.0	115	24	11	19.0
2019-06-10 12:30	31.2	28.7	55.4	805.0	64.9	26.0	0.0	122	20	11	18.9
2019-06-10 12:45	32.0	29.3	55.4	995.0	62.6	26.9	0.0	122	20	11	19.2
2019-06-10 13:00	33.0	29.8	55.5	991.0	61.4	27.4	0.0	125	24	12	19.3
2019-06-10 13:15	33.8	30.4	55.5	852.0	61.3	27.3	0.0	127	25	11	19.2
2019-06-10 13:30	34.2	31.0	55.5	973.0	58.6	28.1	0.0	141	19	9	19.2
2019-06-10 13:45	34.9	31.4	55.5	864.0	59.8	27.8	0.0	117	22	11	19.3
2019-06-10 14:00	35.4	31.9	55.5	804.0	59.5	27.8	0.0	121	19	11	19.2
2019-06-10 14:15	35.4	32.4	55.7	549.0	61.0	27.2	0.0	117	19	9	19.0
2019-06-10 14:30	35.1	32.6	56.0	697.0	59.9	27.1	0.0	120	19	9	18.6
2019-06-10 14:45	35.4	32.7	55.5	776.0	58.8	27.9	0.0	112	19	9	19.1
2019-06-10 15:00	35.8	32.9	55.5	682.0	58.1	28.0	0.0	111	20	9	19.0
2019-06-10 15:15	35.8	33.2	55.7	651.0	58.5	27.8	0.0	129	19	9	18.9
2019-06-10 15:30	36.0	33.4	55.5	776.0	56.4	28.5	0.0	117	17	11	19.0
2019-06-10 15:45	36.3	33.6	55.7	774.0	57.3	28.7	0.0	118	22	9	19.4
2019-06-10 16:00	36.8	33.9	55.7	773.0	57.0	28.8	0.0	120	19	11	19.4
2019-06-10 16:15	36.9	34.2	55.7	592.0	57.3	28.3	0.0	112	19	11	19.0
2019-06-10 16:30	36.6	34.3	55.8	531.0	58.4	28.0	0.0	131	17	8	19.1
2019-06-10 16:45	36.3	34.4	55.8	608.0	58.5	28.0	0.0	131	16	9	19.1
2019-06-10 17:00	36.1	34.4	55.8	634.0	57.3	28.4	0.0	138	19	8	19.1
2019-06-10 17:15	35.9	34.4	55.7	485.0	56.1	27.8	0.0	122	20	11	18.2
2019-06-10 17:30	35.5	34.3	55.8	490.0	56.3	27.9	0.0	122	16	9	18.4
2019-06-10 17:45	35.2	34.2	55.7	491.0	55.2	28.3	0.0	138	17	8	18.5
2019-06-10 18:00	34.6	34.0	55.8	343.0	55.4	27.8	0.0	148	17	9	18.0
2019-06-10 18:15	33.8	33.8	55.7	315.0	55.1	27.8	0.0	134	20	9	18.0
2019-06-10 18:30	33.0	33.5	56.0	226.0	54.2	27.7	0.0	129	20	9	17.6
2019-06-10 18:45	32.3	33.1	56.2	202.0	55.3	27.6	0.0	138	14	8	17.8
2019-06-10 19:00	31.6	32.7	56.4	136.0	55.3	26.8	0.0	136	16	8	17.1
2019-06-10 19:15	30.9	32.3	56.4	142.0	55.2	26.6	0.0	129	19	11	16.9
2019-06-10 19:30	30.3	31.9	56.6	142.0	55.5	26.3	0.0	127	17	9	16.7
2019-06-10 19:45	29.9	31.4	56.6	93.0	56.8	25.7	0.0	132	14	8	16.5
2019-06-10 20:00	29.4	31.1	56.6	32.0	58.2	24.9	0.0	129	12	6	16.1
2019-06-10 20:15	28.9	30.7	56.4	16.0	60.3	24.3	0.0	125	9	4	16.1
2019-06-10 20:30	28.4	30.3	56.4	5.0	61.6	23.8	0.0	121	9	3	16.0
2019-06-10 20:45	28.1	30.0	56.0	0.0	62.7	23.4	0.0	125	9	3	15.9
2019-06-10 21:00	27.7	29.7	56.0	0.0	64.6	22.8	0.0	124	8	1	15.8
2019-06-10 21:15	27.4	29.3	55.8	0.0	65.1	22.6	0.0	120	6	1	15.7
2019-06-10 21:30	27.1	29.1	55.8	0.0	65.7	22.3	0.0	107	4	0	15.6
2019-06-10 21:45	26.8	28.8	55.8	0.0	68.9	21.7	0.0	104	3	0	15.7
2019-06-10 22:00	26.6	28.6	55.8	0.0	69.7	21.5	0.0	104	4	0	15.7
2019-06-10 22:15	26.4	28.3	55.8	0.0	69.9	21.2	0.0	103	3	0	15.5
2019-06-10 22:30	26.2	28.1	55.8	0.0	68.2	21.5	0.0	107	3	1	15.4
2019-06-10 22:45	26.0	27.9	55.8	0.0	66.9	21.6	0.0	110	6	1	15.2
2019-06-10 23:00	25.8	27.7	55.8	0.0	63.4	22.1	0.0	115	11	4	14.8
2019-06-10 23:15	25.6	27.5	55.8	0.0	61.5	22.2	0.0	127	12	6	14.4
2019-06-10 23:30	25.3	27.3	55.8	0.0	62.0	21.9	0.0	125	11	3	14.3
2019-06-10 23:45	25.1	27.1	55.8	0.0	63.7	21.6	0.0	124	9	3	14.4
2019-06-11 00:00	24.8	26.9	55.8	0.0	63.7	21.5	0.0	132	11	4	14.3
2019-06-11 00:15	24.7	26.7	56.0	0.0	66.4	20.9	0.0	127	8	1	14.4
2019-06-11 00:30	24.5	26.5	56.0	0.0	72.2	19.9	0.0	128	6	1	14.7
2019-06-11 00:45	24.3	26.3	56.0	0.0	69.7	20.3	0.0	136	6	1	14.6
2019-06-11 01:00	24.2	26.2	55.7	0.0	68.8	20.4	0.0	139	9	3	14.5
2019-06-11 01:15	24.0	26.0	55.7	0.0	66.8	20.7	0.0	142	12	4	14.3
2019-06-11 01:30	23.8	25.8	55.5	0.0	64.5	20.9	0.0	144	12	4	14.0
2019-06-11 01:45	23.7	25.7	55.7	0.0	65.5	20.7	0.0	149	9	3	14.0
2019-06-11 02:00	23.6	25.6	55.5	0.0	65.9	20.6	0.0	153	9	3	14.0
2019-06-11 02:15	23.4	25.4	55.5	0.0	67.8	20.3	0.0	139	9	3	14.2
2019-06-11 02:30	23.4	25.3	55.4	0.0	66.4	20.5	0.0	135	11	4	14.0
2019-06-11 02:45	23.3	25.2	55.4	0.0	65.3	20.6	0.0	144	11	3	13.9
2019-06-11 03:00	23.3	25.1	55.4	0.0	64.3	20.7	0.0	153	9	3	13.7
2019-06-11 03:15	23.2	25.0	55.4	0.0	64.8	20.6	0.0	153	12	3	13.7
2019-06-11 03:30	23.1	24.9	55.5	0.0	65.4	20.5	0.0	142	11	4	13.8
2019-06-11 03:45	23.1	24.8	55.5	0.0	65.8	20.4	0.0	145	11	3	13.8
2019-06-11 04:00	23.0	24.8	55.5	0.0	65.9	20.4	0.0	146	12	6	13.8
2019-06-11 04:15	22.9	24.7	55.5	0.0	65.9	20.3	0.0	141	12	6	13.7
2019-06-11 04:30	22.8	24.6	55.5	0.0	66.1	20.3	0.0	145	11	4	13.8
2019-06-11 04:45	22.8	24.5	55.5	0.0	65.9	20.3	0.0	144	11	4	13.7
2019-06-11 05:00	22.7	24.4	55.4	0.0	66.5	20.2	0.0	139	11	4	13.8
2019-06-11 05:15	22.7	24.3	55.5	0.0	66.2	20.2	0.0	148	9	4	13.7
2019-06-11 05:30	22.6	24.3	55.5	0.0	67.0	20.0	0.0	149	8	3	13.7
2019-06-11 05:45	22.5	24.2	55.5	0.0	67.7	19.8	0.0	142	9	3	13.7
2019-06-11 06:00	22.4	24.1	55.5	0.0	68.9	19.6	0.0	141	12	3	13.7
2019-06-11 06:15	22.3	24.1	55.5	0.0	69.3	19.6	0.0	153	9	3	13.8
2019-06-11 06:30	22.2	23.9	55.5	1.0	69.3	19.6	0.0	153	9	3	13.8
2019-06-11 06:45	22.2	23.9	55.5	12.0	70.1	19.6	0.0	149	9	3	14.0
2019-06-11 07:00	22.2	23.8	55.4	30.0	70.8	19.6	0.0	149	9	3	14.2
2019-06-11 07:15	22.2	23.8	55.2	42.0	71.2	19.7	0.0	146	9	3	14.3
2019-06-11 07:30	22.3	23.8	55.2	44.0	72.5	19.7	0.0	148	8	3	14.6
2019-06-11 07:45	22.4	23.8	55.0	69.0	70.8	20.2	0.0	153	8	3	14.7
2019-06-11 08:00	22.5	23.8	54.8	77.0	71.0	20.2	0.0	163	8	3	14.8
2019-06-11 08:15	22.7	23.8	54.8	94.0	71.7	20.3	0.0	160	8	1	15.0
2019-06-11 08:30	22.8	23.9	54.6	144.0	70.7	20.8	0.0	159	4	1	15.3
2019-06-11 08:45	23.2	23.9	54.5	232.0	69.0	21.6	0.0	152	4	1	15.7
2019-06-11 09:00	23.9	24.1	54.5	308.0	65.8	22.6	0.0	144	6	1	15.9
2019-06-11 09:15	24.4	24.4	54.5	269.0	62.5	23.1	0.0	193	6	0	15.5
2019-06-11 09:30	24.9	24.7	54.3	465.0	58.6	24.1	0.0	199	9	1	15.5
