FRMI
                    	Temperature (*C)	Temperature (*C)	Soil Moist-VWC (%VWC)	Solar Rad (wat/m2)	RH (%)	Temperature (*C)	Rainfall (mm)	Wind Dir (Deg)	Wind Gust (km/h)	Wind Speed (km/h)	Dew Point (*C)
                    	*C	*C	%VWC	wat/m2	%	*C	mm	Deg	km/h	km/h	*C
Date and Time   	TMPA	TMPB	VWCC	SRD	HMD	TMP	RNF	WND	WNG	WNS	DEW
2019-07-01 00:00	22.3	23.3	48.7	0.0	97.4	20.6	0.0	77	3	0	20.2
2019-07-01 00:30	22.1	23.1	48.5	0.0	95.8	20.8	0.0	55	8	1	20.1
2019-07-01 01:00	21.9	23.0	48.3	0.0	96.3	20.7	0.0	132	4	0	20.1
2019-07-01 01:30	21.6	22.8	48.2	0.0	98.0	19.9	0.0	145	4	0	19.6
2019-07-01 02:00	21.4	22.6	48.2	0.0	98.5	19.8	0.0	220	4	0	19.6
2019-07-01 02:30	21.3	22.4	48.0	0.0	98.4	20.1	0.0	247	6	0	19.8
2019-07-01 03:00	21.2	22.3	48.2	0.0	97.2	20.2	0.0	237	4	0	19.7
2019-07-01 03:30	21.1	22.2	48.2	0.0	97.6	19.9	0.0	189	6	1	19.5
2019-07-01 04:00	20.9	22.0	48.2	0.0	98.9	19.5	0.0	155	4	0	19.3
2019-07-01 04:30	20.7	21.9	48.0	0.0	99.1	19.4	0.0	184	4	0	19.3
2019-07-01 05:00	20.6	21.7	48.0	0.0	99.0	19.3	0.0	194	1	0	19.1
2019-07-01 05:30	20.5	21.6	48.0	1.0	99.5	19.1	0.0	196	1	0	19.0
2019-07-01 06:00	20.5	21.5	48.0	19.0	99.5	18.9	0.0	145	1	0	18.8
2019-07-01 06:30	20.7	21.4	48.2	46.0	98.7	19.4	0.0	83	0	0	19.2
2019-07-01 07:00	21.2	21.5	48.2	100.0	96.8	20.3	0.0	73	0	0	19.8
2019-07-01 07:30	21.9	21.7	48.3	102.0	94.0	21.2	0.0	138	3	0	20.2
2019-07-01 08:00	22.7	22.0	48.2	200.0	90.6	22.2	0.0	208	3	0	20.6
2019-07-01 08:30	24.4	22.4	48.0	367.0	82.8	24.1	0.0	238	6	0	21.0
2019-07-01 09:00	26.3	23.2	47.9	548.0	77.9	25.5	0.0	245	16	4	21.4
2019-07-01 09:30	27.6	23.9	47.7	664.0	74.9	26.4	0.0	259	16	8	21.6
2019-07-01 10:00	28.5	24.7	47.9	701.0	74.0	26.8	0.0	264	22	11	21.8
2019-07-01 10:30	29.3	25.3	48.0	788.0	74.4	26.9	0.0	264	16	8	22.0
2019-07-01 11:00	30.4	26.0	48.2	707.0	75.4	26.8	0.0	242	14	4	22.1
2019-07-01 11:30	31.3	26.7	48.2	462.0	73.1	27.1	0.0	207	8	0	21.9
2019-07-01 12:00	30.6	27.2	48.2	484.0	73.5	27.3	0.0	135	11	1	22.1
2019-07-01 12:30	31.1	27.4	48.2	585.0	75.9	27.2	0.0	214	9	4	22.6
2019-07-01 13:00	30.8	27.7	48.0	476.0	78.8	26.7	0.0	207	12	4	22.7
2019-07-01 13:30	30.9	27.8	48.2	543.0	77.7	26.9	0.0	217	12	6	22.7
2019-07-01 14:00	31.8	27.9	48.2	787.0	71.4	28.6	0.0	211	8	3	22.9
2019-07-01 14:30	33.7	28.6	47.9	771.0	66.2	29.6	0.0	235	9	3	22.6
2019-07-01 15:00	34.8	29.2	48.0	841.0	64.1	30.3	0.0	251	8	1	22.8
2019-07-01 15:30	35.7	29.8	48.0	609.0	65.5	29.9	0.0	252	9	3	22.7
2019-07-01 16:00	33.9	29.9	48.2	332.0	71.6	28.6	0.0	213	8	1	23.0
2019-07-01 16:30	33.7	29.8	48.0	591.0	66.7	29.7	0.0	223	6	1	22.8
2019-07-01 17:00	34.6	30.0	47.9	554.0	65.0	30.6	0.0	194	6	1	23.3
2019-07-01 17:30	34.5	30.3	48.0	491.0	58.9	31.2	0.0	179	6	1	22.2
2019-07-01 18:00	33.8	30.5	47.9	385.0	56.7	31.8	0.0	166	6	1	22.1
2019-07-01 18:30	32.7	30.3	48.2	272.0	61.4	30.8	0.0	193	4	0	22.5
2019-07-01 19:00	31.8	30.0	48.0	210.0	58.6	31.6	0.0	160	1	0	22.5
2019-07-01 19:30	30.6	29.6	47.9	111.0	62.5	30.9	0.0	136	0	0	22.9
2019-07-01 20:00	29.4	29.2	47.7	42.0	75.4	28.6	0.0	135	0	0	23.8
2019-07-01 20:30	28.6	28.7	47.7	9.0	81.9	27.0	0.0	135	0	0	23.6
2019-07-01 21:00	27.7	28.2	47.3	0.0	87.5	25.3	0.0	136	0	0	23.1
2019-07-01 21:30	27.0	27.7	47.2	0.0	91.5	24.7	0.0	136	1	0	23.2
2019-07-01 22:00	26.5	27.2	47.3	0.0	91.9	24.3	0.0	135	3	0	22.9
2019-07-01 22:30	26.1	26.8	47.3	0.0	88.1	24.6	0.0	149	1	0	22.5
2019-07-01 23:00	25.7	26.4	47.3	0.0	85.6	24.8	0.0	192	1	0	22.2
2019-07-01 23:30	25.3	26.1	47.3	0.0	86.2	24.4	0.0	214	1	0	21.9
2019-07-02 00:00	25.1	25.8	47.2	0.0	87.2	24.2	0.0	192	4	0	21.9
2019-07-02 00:30	24.7	25.5	46.9	0.0	87.5	24.2	0.0	179	4	0	22.0
2019-07-02 01:00	24.4	25.2	46.8	0.0	88.7	23.8	0.0	173	9	1	21.8
2019-07-02 01:30	24.2	25.0	46.8	0.0	89.0	23.9	0.0	182	6	0	22.0
2019-07-02 02:00	24.1	24.8	46.9	0.0	88.3	24.2	0.0	186	8	1	22.1
2019-07-02 02:30	23.9	24.6	46.9	0.0	88.2	24.2	0.0	184	8	3	22.1
2019-07-02 03:00	23.8	24.4	46.9	0.0	88.4	24.1	0.0	189	12	3	22.1
2019-07-02 03:30	23.7	24.3	46.9	0.0	88.4	24.0	0.0	192	9	4	22.0
2019-07-02 04:00	23.6	24.2	47.1	0.0	89.0	23.8	0.0	186	11	3	21.9
2019-07-02 04:30	23.5	24.1	46.9	0.0	89.8	23.6	0.0	190	9	3	21.8
2019-07-02 05:00	23.3	23.9	46.9	0.0	91.1	23.3	0.0	180	8	3	21.8
2019-07-02 05:30	23.2	23.8	46.9	1.0	91.9	23.1	0.0	187	8	1	21.7
2019-07-02 06:00	23.1	23.7	46.9	13.0	92.2	23.0	0.0	182	6	1	21.7
2019-07-02 06:30	23.2	23.6	46.8	77.0	89.3	23.8	0.0	177	6	1	21.9
2019-07-02 07:00	23.6	23.6	46.4	151.0	86.6	24.7	0.0	189	8	3	22.3
2019-07-02 07:30	24.3	23.7	46.1	268.0	83.6	25.6	0.0	189	11	4	22.6
2019-07-02 08:00	25.8	24.0	46.1	297.0	81.3	26.3	0.0	189	9	3	22.8
2019-07-02 08:30	26.8	24.4	46.2	398.0	80.0	26.9	0.0	199	12	3	23.2
2019-07-02 09:00	28.5	25.1	46.6	489.0	78.3	27.6	0.0	207	14	6	23.5
2019-07-02 09:30	30.1	25.7	46.9	582.0	76.4	28.3	0.0	201	12	6	23.7
2019-07-02 10:00	31.9	26.6	46.8	657.0	74.2	29.3	0.0	206	12	4	24.2
2019-07-02 10:30	33.6	27.6	46.6	724.0	72.7	29.7	0.0	201	16	6	24.3
2019-07-02 11:00	35.1	28.6	46.8	834.0	70.0	30.7	0.0	190	16	6	24.6
2019-07-02 11:30	35.6	29.6	47.1	583.0	69.4	30.4	0.0	197	16	6	24.2
2019-07-02 12:00	35.3	30.0	47.1	535.0	66.3	30.6	0.0	221	16	6	23.6
2019-07-02 12:30	36.2	30.4	46.8	782.0	62.7	31.4	0.0	230	12	6	23.4
2019-07-02 13:00	36.3	31.1	46.9	341.0	64.6	30.6	0.0	224	16	6	23.2
2019-07-02 13:30	34.1	30.9	47.2	445.0	67.2	29.4	0.0	156	12	4	22.7
2019-07-02 14:00	36.2	31.0	46.6	702.0	61.0	32.3	0.0	179	11	3	23.8
2019-07-02 14:30	36.5	31.6	46.8	745.0	60.8	32.4	0.0	182	17	8	23.9
2019-07-02 15:00	36.2	32.1	47.2	358.0	63.3	30.9	0.0	166	19	9	23.1
2019-07-02 15:30	34.9	32.0	47.3	318.0	64.6	29.4	0.0	166	20	8	22.0
2019-07-02 16:00	34.4	31.6	47.1	644.0	62.1	30.5	0.0	162	17	8	22.4
2019-07-02 16:30	36.1	31.9	46.8	674.0	60.1	32.3	0.0	168	16	8	23.6
2019-07-02 17:00	36.2	32.4	47.1	479.0	61.4	31.9	0.0	176	17	8	23.5
2019-07-02 17:30	35.1	32.4	47.2	357.0	63.9	31.8	0.0	175	14	6	24.1
2019-07-02 18:00	34.1	32.2	47.2	255.0	64.1	31.3	0.0	176	11	4	23.7
2019-07-02 18:30	32.7	31.8	47.5	123.0	65.9	30.2	0.0	173	9	3	23.1
2019-07-02 19:00	31.6	31.2	47.2	79.0	66.8	29.9	0.0	163	11	3	23.1
2019-07-02 19:30	30.5	30.5	46.8	50.0	64.7	29.2	0.0	173	24	4	21.9
2019-07-02 20:00	28.9	29.8	48.2	22.0	82.5	24.5	3.8	225	33	8	21.3
2019-07-02 20:30	27.4	28.7	49.6	1.0	88.4	23.5	0.2	118	9	3	21.5
2019-07-02 21:00	26.3	27.8	50.4	0.0	91.1	22.6	7.1	107	16	4	21.1
2019-07-02 21:30	25.3	26.9	50.3	0.0	93.1	21.9	0.2	60	9	3	20.7
2019-07-02 22:00	24.9	26.4	50.0	0.0	93.1	21.9	0.0	114	8	1	20.7
2019-07-02 22:30	24.7	26.1	50.1	0.0	95.1	21.8	0.0	234	4	0	21.0
2019-07-02 23:00	24.4	25.7	49.8	0.0	92.7	21.9	0.0	159	14	4	20.7
2019-07-02 23:30	24.1	25.4	49.4	0.0	93.3	21.8	0.0	159	12	4	20.7
2019-07-03 00:00	23.7	25.1	49.8	0.0	92.8	21.5	0.2	190	14	4	20.3
2019-07-03 00:30	23.6	24.8	49.6	0.0	94.6	21.4	0.0	199	8	1	20.5
2019-07-03 01:00	23.5	24.6	49.8	0.0	95.1	21.6	0.2	200	12	3	20.8
2019-07-03 01:30	23.4	24.4	50.3	0.0	94.4	21.8	0.5	211	12	3	20.9
2019-07-03 02:00	23.3	24.2	50.6	0.0	95.4	21.6	0.5	194	12	4	20.8
2019-07-03 02:30	23.1	24.1	50.3	0.0	96.6	21.3	0.0	122	9	1	20.7
2019-07-03 03:00	23.1	23.9	50.3	0.0	97.1	21.2	0.0	53	6	0	20.7
2019-07-03 03:30	23.0	23.8	50.3	0.0	98.1	21.1	0.0	83	3	0	20.8
2019-07-03 04:00	22.9	23.7	50.1	0.0	99.0	20.9	0.0	148	8	0	20.7
2019-07-03 04:30	22.9	23.7	50.1	0.0	98.4	21.2	0.0	190	8	1	20.9
2019-07-03 05:00	22.8	23.6	50.1	0.0	98.0	21.3	0.2	93	4	0	21.0
2019-07-03 05:30	22.8	23.5	50.3	0.0	97.9	21.2	0.0	112	6	1	20.9
2019-07-03 06:00	22.7	23.4	50.3	13.0	98.1	21.2	0.0	52	4	0	20.9
2019-07-03 06:30	22.8	23.4	50.0	49.0	98.3	21.3	0.0	278	4	0	21.0
2019-07-03 07:00	23.1	23.4	49.4	86.0	96.9	21.8	0.0	358	0	0	21.3
2019-07-03 07:30	23.6	23.5	49.4	97.0	96.6	21.9	0.0	292	3	0	21.3
2019-07-03 08:00	23.9	23.7	49.3	127.0	95.8	22.3	0.0	245	3	0	21.6
2019-07-03 08:30	24.9	23.8	49.3	252.0	91.9	23.3	0.0	242	6	0	21.9
2019-07-03 09:00	25.6	24.2	49.3	215.0	91.3	23.5	0.0	230	4	0	22.0
2019-07-03 09:30	26.4	24.6	49.3	306.0	87.1	24.5	0.0	252	4	0	22.2
2019-07-03 10:00	27.4	25.1	49.1	365.0	80.9	25.6	0.0	258	3	0	22.1
2019-07-03 10:30	28.5	25.7	49.0	438.0	81.5	25.9	0.0	73	4	0	22.5
2019-07-03 11:00	29.7	26.3	49.3	624.0	77.8	26.8	0.0	117	6	0	22.6
2019-07-03 11:30	32.1	27.2	48.8	822.0	72.1	28.0	0.0	148	4	0	22.5
2019-07-03 12:00	32.4	28.3	49.3	602.0	69.0	28.1	0.0	144	4	0	21.9
2019-07-03 12:30	33.4	28.8	49.1	717.0	65.0	29.1	0.0	159	4	0	21.8
2019-07-03 13:00	34.7	29.6	49.1	935.0	63.2	29.8	0.0	151	6	0	22.0
2019-07-03 13:30	36.1	30.4	49.3	927.0	64.4	30.2	0.0	169	4	0	22.7
2019-07-03 14:00	36.6	31.3	49.3	906.0	60.9	30.9	0.0	172	8	0	22.5
2019-07-03 14:30	37.1	31.8	49.1	885.0	56.3	31.2	0.0	177	4	0	21.5
2019-07-03 15:00	37.4	32.3	49.1	844.0	52.7	31.3	0.0	214	6	0	20.5
2019-07-03 15:30	37.5	32.6	49.1	784.0	55.7	31.4	0.0	208	6	0	21.5
2019-07-03 16:00	37.5	32.8	49.0	732.0	57.0	31.7	0.0	118	4	0	22.1
2019-07-03 16:30	37.7	33.1	48.7	701.0	56.2	31.9	0.0	193	4	0	22.1
2019-07-03 17:00	37.7	33.3	48.8	533.0	63.7	30.9	0.0	111	9	1	23.2
2019-07-03 17:30	35.8	33.3	49.0	340.0	68.0	29.7	0.0	39	8	3	23.2
2019-07-03 18:00	35.4	33.1	48.7	359.0	68.5	29.7	0.0	46	12	3	23.3
2019-07-03 18:30	33.6	32.8	49.3	87.0	71.8	28.3	0.0	145	9	1	22.7
2019-07-03 19:00	31.7	32.1	49.1	58.0	75.5	27.5	0.0	42	8	0	22.8
2019-07-03 19:30	30.7	31.2	48.5	43.0	75.4	27.2	0.0	129	8	0	22.5
2019-07-03 20:00	29.7	30.5	48.5	25.0	76.3	26.7	0.0	76	8	1	22.2
2019-07-03 20:30	28.8	29.8	48.7	8.0	77.5	25.8	0.0	128	6	1	21.6
2019-07-03 21:00	27.9	29.2	48.5	0.0	79.0	25.1	0.0	273	6	0	21.2
2019-07-03 21:30	27.3	28.6	48.0	0.0	79.6	24.4	0.0	312	6	0	20.6
2019-07-03 22:00	26.7	28.1	48.0	0.0	81.0	23.8	0.0	149	4	0	20.3
2019-07-03 22:30	26.1	27.6	48.0	0.0	82.2	23.3	0.0	79	6	0	20.1
2019-07-03 23:00	25.5	27.1	48.0	0.0	83.2	22.8	0.0	74	4	0	19.8
2019-07-03 23:30	25.1	26.7	48.0	0.0	84.6	22.4	0.0	52	4	0	19.7
2019-07-04 00:00	24.7	26.3	47.9	0.0	85.5	22.2	0.0	18	4	0	19.7
2019-07-04 00:30	24.4	26.0	47.3	0.0	87.8	21.7	0.0	326	3	0	19.6
2019-07-04 01:00	24.4	25.7	47.3	0.0	89.4	21.6	0.0	162	3	0	19.8
2019-07-04 01:30	24.1	25.6	47.3	0.0	90.2	21.5	0.0	151	4	0	19.8
2019-07-04 02:00	23.8	25.3	47.5	0.0	91.6	21.1	0.0	310	6	0	19.7
2019-07-04 02:30	23.6	25.1	47.5	0.0	92.5	20.9	0.0	269	4	0	19.6
2019-07-04 03:00	23.3	24.8	47.5	0.0	93.2	20.8	0.0	175	4	0	19.7
2019-07-04 03:30	23.2	24.6	47.7	0.0	94.2	20.7	0.0	200	4	0	19.7
2019-07-04 04:00	23.0	24.4	47.5	0.0	94.8	20.7	0.0	66	4	0	19.8
2019-07-04 04:30	22.8	24.2	47.2	0.0	95.1	20.6	0.0	72	3	0	19.8
2019-07-04 05:00	22.7	24.0	47.1	0.0	96.3	20.3	0.0	97	4	0	19.7
2019-07-04 05:30	22.5	23.8	47.1	2.0	96.6	20.4	0.0	155	3	0	19.8
2019-07-04 06:00	22.6	23.7	46.9	21.0	95.8	20.6	0.0	63	1	0	19.9
2019-07-04 06:30	22.7	23.7	47.1	59.0	92.8	21.7	0.0	84	3	0	20.5
2019-07-04 07:00	22.8	23.7	47.1	60.0	94.1	21.9	0.0	156	4	1	20.9
2019-07-04 07:30	23.6	23.7	46.8	149.0	90.8	23.1	0.0	151	6	0	21.5
2019-07-04 08:00	24.3	24.0	46.8	153.0	89.0	23.4	0.0	115	4	0	21.5
2019-07-04 08:30	25.0	24.3	46.8	206.0	85.6	24.1	0.0	127	9	3	21.5
2019-07-04 09:00	25.5	24.7	46.8	209.0	82.9	24.3	0.0	155	11	3	21.2
2019-07-04 09:30	26.9	25.0	46.8	566.0	78.1	26.1	0.0	149	12	3	22.0
2019-07-04 10:00	29.4	25.8	46.9	662.0	73.1	27.4	0.0	145	14	4	22.2
2019-07-04 10:30	31.6	26.9	47.2	738.0	70.8	28.1	0.0	145	16	6	22.3
2019-07-04 11:00	33.2	28.1	47.3	784.0	68.8	28.6	0.0	152	20	6	22.3
2019-07-04 11:30	34.8	29.2	47.3	838.0	68.2	29.1	0.0	160	14	6	22.6
2019-07-04 12:00	36.3	30.2	47.3	881.0	67.4	29.7	0.0	151	16	6	23.0
2019-07-04 12:30	37.6	31.3	47.7	893.0	66.9	30.2	0.0	151	16	8	23.4
2019-07-04 13:00	37.5	32.1	47.9	751.0	67.6	29.7	0.0	148	17	6	23.1
2019-07-04 13:30	38.7	32.6	47.7	855.0	65.9	30.7	0.0	162	16	6	23.6
2019-07-04 14:00	39.3	33.4	47.5	806.0	65.4	30.8	0.0	166	14	6	23.6
2019-07-04 14:30	39.2	33.8	47.7	777.0	65.1	31.1	0.0	162	16	4	23.8
2019-07-04 15:00	40.2	34.4	47.3	882.0	63.4	31.6	0.0	176	14	6	23.8
2019-07-04 15:30	40.5	34.9	47.5	701.0	63.6	31.6	0.0	183	12	3	23.9
2019-07-04 16:00	39.9	35.2	47.5	634.0	61.4	32.1	0.0	156	12	4	23.7
2019-07-04 16:30	39.4	35.3	47.5	585.0	61.5	31.9	0.0	176	11	4	23.6
2019-07-04 17:00	38.1	35.2	48.2	350.0	66.4	30.6	0.0	151	16	6	23.6
2019-07-04 17:30	36.8	34.7	48.0	480.0	65.3	30.3	0.0	152	17	8	23.1
2019-07-04 18:00	34.9	34.1	48.3	120.0	68.8	27.6	0.0	162	17	4	21.3
2019-07-04 18:30	32.7	33.1	48.2	60.0	75.9	26.5	0.0	175	16	4	21.9
2019-07-04 19:00	31.2	32.0	48.0	94.0	81.2	25.8	0.0	184	9	1	22.3
2019-07-04 19:30	30.6	31.1	47.7	133.0	81.0	26.6	0.0	187	1	0	23.1
2019-07-04 20:00	30.0	30.5	47.3	116.0	78.3	27.0	0.0	155	4	0	22.9
2019-07-04 20:30	29.3	30.0	47.2	36.0	82.7	25.9	0.0	187	1	0	22.7
2019-07-04 21:00	28.4	29.4	47.3	0.0	87.2	24.7	0.0	189	1	0	22.4
2019-07-04 21:30	27.7	28.8	47.3	0.0	90.3	23.9	0.0	169	1	0	22.2
2019-07-04 22:00	27.1	28.3	47.2	0.0	91.6	23.7	0.0	156	1	0	22.2
2019-07-04 22:30	26.6	27.8	47.1	0.0	89.6	23.8	0.0	142	4	0	22.0
2019-07-04 23:00	26.2	27.4	46.8	0.0	89.5	23.7	0.0	122	1	0	21.9
2019-07-04 23:30	26.1	27.1	46.8	0.0	88.4	23.9	0.0	107	4	0	21.9
2019-07-05 00:00	25.9	26.8	46.8	0.0	89.8	23.8	0.0	122	4	0	22.0
2019-07-05 00:30	25.6	26.6	46.8	0.0	89.3	23.8	0.0	134	9	1	21.9
2019-07-05 01:00	25.3	26.4	46.8	0.0	91.1	23.6	0.0	156	8	1	22.1
2019-07-05 01:30	25.1	26.1	46.8	0.0	91.4	23.7	0.0	145	12	3	22.2
2019-07-05 02:00	24.8	25.9	46.8	0.0	92.2	23.2	0.0	172	4	0	21.9
2019-07-05 02:30	24.7	25.7	46.8	0.0	94.6	22.8	0.0	162	4	0	21.9
2019-07-05 03:00	24.5	25.5	46.8	0.0	92.1	23.1	0.0	162	11	3	21.7
2019-07-05 03:30	24.2	25.3	46.8	0.0	91.0	22.6	0.0	189	6	0	21.1
2019-07-05 04:00	23.9	25.1	46.8	0.0	93.3	21.8	0.0	168	1	0	20.7
2019-07-05 04:30	23.7	24.8	46.4	0.0	94.1	21.6	0.0	180	1	0	20.6
2019-07-05 05:00	23.6	24.7	46.4	0.0	93.8	21.8	0.0	79	3	0	20.8
2019-07-05 05:30	23.6	24.5	46.2	1.0	93.0	22.1	0.0	93	3	0	20.9
2019-07-05 06:00	23.7	24.4	46.2	17.0	94.1	22.5	0.0	121	4	0	21.5
2019-07-05 06:30	24.0	24.4	46.1	55.0	93.8	22.9	0.0	135	3	0	21.8
2019-07-05 07:00	24.4	24.6	46.1	115.0	90.6	23.9	0.0	118	4	0	22.3
2019-07-05 07:30	24.9	24.7	46.1	212.0	85.9	25.2	0.0	160	9	1	22.7
2019-07-05 08:00	25.7	24.9	46.1	236.0	85.1	25.1	0.0	183	11	3	22.4
2019-07-05 08:30	26.0	25.3	46.1	110.0	86.0	24.6	0.0	182	9	3	22.1
2019-07-05 09:00	26.3	25.4	46.1	229.0	85.0	24.9	0.0	187	9	3	22.2
2019-07-05 09:30	27.2	25.8	46.1	298.0	84.2	25.4	0.0	201	12	3	22.5
2019-07-05 10:00	28.9	26.3	46.2	483.0	80.8	26.8	0.0	193	11	3	23.2
2019-07-05 10:30	31.1	27.2	46.4	673.0	77.6	28.0	0.0	192	12	4	23.7
2019-07-05 11:00	33.4	28.3	46.8	782.0	74.6	29.2	0.0	183	9	4	24.2
2019-07-05 11:30	35.1	29.6	46.8	656.0	71.1	29.9	0.0	182	11	3	24.1
2019-07-05 12:00	36.6	30.6	46.6	877.0	69.4	30.6	0.0	179	9	3	24.4
2019-07-05 12:30	38.4	31.8	46.8	882.0	68.1	30.8	0.0	192	14	4	24.2
2019-07-05 13:00	39.7	32.8	46.9	964.0	65.3	31.5	0.0	187	12	4	24.2
2019-07-05 13:30	40.9	33.9	47.1	949.0	62.8	31.8	0.0	192	11	3	23.8
2019-07-05 14:00	41.9	34.8	47.1	962.0	59.7	32.9	0.0	163	12	4	24.0
2019-07-05 14:30	42.1	35.7	47.5	799.0	61.0	31.9	0.0	177	24	6	23.4
2019-07-05 15:00	39.8	35.8	47.9	470.0	70.2	27.0	0.0	217	20	9	21.1
2019-07-05 15:30	37.8	35.2	47.9	522.0	69.8	28.3	0.0	210	11	3	22.3
2019-07-05 16:00	39.6	34.8	46.9	767.0	62.2	31.5	0.0	232	6	1	23.4
2019-07-05 16:30	39.7	35.2	47.2	437.0	63.7	31.1	0.0	220	8	1	23.4
2019-07-05 17:00	38.2	35.1	47.7	344.0	63.9	30.5	0.0	242	6	1	22.9
2019-07-05 17:30	35.9	34.6	48.0	130.0	76.1	27.6	0.0	256	14	3	23.0
2019-07-05 18:00	34.1	33.6	47.7	98.0	76.1	26.9	0.0	230	8	1	22.3
2019-07-05 18:30	32.8	32.6	47.7	90.0	76.6	26.7	0.0	249	4	0	22.2
2019-07-05 19:00	31.9	31.8	47.5	54.0	78.8	26.3	0.0	266	4	0	22.3
2019-07-05 19:30	31.1	31.1	47.2	47.0	79.6	26.4	0.0	285	1	0	22.6
2019-07-05 20:00	30.4	30.5	46.8	39.0	81.0	26.4	0.0	216	1	0	22.9
2019-07-05 20:30	29.7	30.0	46.6	10.0	83.8	25.8	0.0	216	1	0	22.8
2019-07-05 21:00	28.9	29.5	46.8	0.0	88.8	24.7	0.0	216	1	0	22.7
2019-07-05 21:30	28.2	28.9	46.8	0.0	91.5	24.0	0.0	206	1	0	22.5
2019-07-05 22:00	27.6	28.4	46.8	0.0	92.8	23.6	0.0	159	1	0	22.4
2019-07-05 22:30	27.1	28.0	46.8	0.0	94.6	22.9	0.0	193	1	0	22.0
2019-07-05 23:00	26.7	27.6	46.4	0.0	95.1	22.6	0.0	196	0	0	21.8
2019-07-05 23:30	26.4	27.3	46.1	0.0	95.0	23.0	0.0	196	0	0	22.2
2019-07-06 00:00	26.1	27.0	46.1	0.0	95.5	22.7	0.0	196	0	0	21.9
2019-07-06 00:30	25.8	26.7	46.1	0.0	96.6	22.1	0.0	159	1	0	21.5
2019-07-06 01:00	25.5	26.4	46.1	0.0	94.7	22.9	0.0	127	1	0	22.0
2019-07-06 01:30	25.2	26.2	46.1	0.0	96.4	22.3	0.0	333	0	0	21.7
2019-07-06 02:00	24.9	25.9	46.1	0.0	97.4	22.0	0.0	333	0	0	21.6
2019-07-06 02:30	24.7	25.7	46.1	0.0	98.2	21.3	0.0	326	1	0	21.0
2019-07-06 03:00	24.4	25.4	46.1	0.0	99.0	21.6	0.0	282	0	0	21.4
2019-07-06 03:30	24.3	25.3	46.1	0.0	98.9	21.2	0.0	280	1	0	21.0
2019-07-06 04:00	24.2	25.1	46.0	0.0	99.1	22.0	0.0	303	1	0	21.9
2019-07-06 04:30	24.1	24.9	45.8	0.0	98.3	22.3	0.0	334	4	0	22.0
2019-07-06 05:00	24.0	24.8	45.8	0.0	96.0	22.6	0.0	299	6	1	21.9
2019-07-06 05:30	23.8	24.7	45.8	2.0	95.5	22.2	0.0	283	6	1	21.4
2019-07-06 06:00	23.8	24.6	45.7	23.0	95.4	22.2	0.0	312	4	0	21.4
2019-07-06 06:30	23.9	24.5	45.7	74.0	93.3	22.8	0.0	353	6	0	21.7
2019-07-06 07:00	24.2	24.5	45.5	125.0	91.4	23.3	0.0	312	9	1	21.8
2019-07-06 07:30	24.7	24.6	45.5	169.0	89.2	23.8	0.0	252	8	1	21.9
2019-07-06 08:00	25.7	24.8	45.5	322.0	83.1	25.1	0.0	285	9	3	22.0
2019-07-06 08:30	27.6	25.4	45.5	414.0	79.1	26.1	0.0	159	9	1	22.2
2019-07-06 09:00	28.9	26.1	46.0	407.0	77.4	26.4	0.0	204	8	1	22.1
2019-07-06 09:30	30.7	26.9	46.1	566.0	73.6	27.4	0.0	225	11	1	22.3
2019-07-06 10:00	32.7	27.9	46.1	650.0	72.3	28.1	0.0	84	8	1	22.6
2019-07-06 10:30	34.6	29.1	46.1	710.0	69.7	29.1	0.0	148	9	0	23.0
2019-07-06 11:00	36.3	30.3	46.2	682.0	67.8	29.8	0.0	240	4	0	23.2
2019-07-06 11:30	37.0	31.3	46.6	644.0	66.9	30.0	0.0	285	8	0	23.2
2019-07-06 12:00	36.8	31.9	46.6	552.0	67.3	29.8	0.0	326	14	3	23.1
2019-07-06 12:30	36.4	32.2	46.9	238.0	70.3	28.4	0.0	333	19	6	22.5
2019-07-06 13:00	35.8	32.1	46.8	733.0	69.3	28.2	0.0	290	19	9	22.0
2019-07-06 13:30	37.9	32.6	46.6	802.0	68.9	28.4	0.0	307	22	9	22.1
2019-07-06 14:00	39.1	33.4	46.4	819.0	66.6	28.7	0.0	290	19	8	21.9
2019-07-06 14:30	39.4	34.1	46.9	672.0	66.3	28.1	0.0	261	19	8	21.2
2019-07-06 15:00	39.7	34.6	46.6	846.0	65.2	27.7	0.0	276	22	11	20.6
2019-07-06 15:30	39.6	35.0	47.1	603.0	67.0	26.6	0.0	289	20	11	20.0
2019-07-06 16:00	36.9	34.8	47.3	159.0	67.6	24.9	0.0	334	20	6	18.5
2019-07-06 16:30	35.4	33.8	47.1	600.0	58.4	26.2	0.0	306	20	8	17.4
2019-07-06 17:00	37.1	33.6	46.8	624.0	55.1	26.5	0.0	297	20	11	16.8
2019-07-06 17:30	36.7	33.8	46.8	495.0	55.8	26.4	0.0	292	20	9	16.9
2019-07-06 18:00	35.7	33.7	46.8	383.0	58.3	26.4	0.0	319	16	6	17.6
2019-07-06 18:30	34.5	33.3	46.8	300.0	58.3	26.0	0.0	333	17	8	17.2
2019-07-06 19:00	33.0	32.7	47.1	213.0	60.0	25.3	0.0	327	19	9	17.0
2019-07-06 19:30	31.2	32.0	46.8	137.0	62.8	24.6	0.0	242	16	6	17.0
2019-07-06 20:00	29.7	31.2	46.6	62.0	65.4	23.6	0.0	241	16	4	16.7
2019-07-06 20:30	28.4	30.2	46.1	12.0	65.0	22.7	0.0	338	20	8	15.8
2019-07-06 21:00	27.2	29.3	46.1	0.0	65.6	21.8	0.0	336	20	9	15.1
2019-07-06 21:30	26.4	28.4	46.1	0.0	71.1	20.8	0.0	328	14	4	15.4
2019-07-06 22:00	25.7	27.6	46.0	0.0	73.4	20.3	0.0	317	14	4	15.4
2019-07-06 22:30	25.1	27.0	45.7	0.0	75.6	19.8	0.0	313	11	4	15.4
2019-07-06 23:00	24.5	26.4	45.8	0.0	76.7	19.3	0.0	309	9	3	15.1
2019-07-06 23:30	24.2	25.9	45.8	0.0	73.5	19.8	0.0	319	16	4	14.9
2019-07-07 00:00	24.0	25.5	45.8	0.0	75.3	19.6	0.0	309	8	3	15.1
2019-07-07 00:30	23.9	25.2	45.7	0.0	73.1	20.1	0.0	321	9	3	15.1
2019-07-07 01:00	23.7	24.9	45.7	0.0	73.3	20.1	0.0	327	12	4	15.2
2019-07-07 01:30	23.3	24.7	45.5	0.0	76.8	19.5	0.0	324	9	3	15.3
2019-07-07 02:00	23.2	24.4	45.2	0.0	77.7	19.9	0.0	328	11	4	15.9
2019-07-07 02:30	23.3	24.3	45.2	0.0	79.2	20.2	0.0	331	16	6	16.5
2019-07-07 03:00	23.2	24.2	45.2	0.0	81.5	19.9	0.0	330	16	6	16.6
2019-07-07 03:30	23.0	24.0	45.2	0.0	82.8	19.7	0.0	336	17	8	16.7
2019-07-07 04:00	22.9	23.9	45.3	0.0	83.5	19.7	0.0	334	12	4	16.8
2019-07-07 04:30	22.9	23.8	45.3	0.0	84.6	19.7	0.0	334	12	4	17.0
2019-07-07 05:00	22.8	23.7	45.3	0.0	85.9	19.6	0.0	338	16	8	17.2
2019-07-07 05:30	22.7	23.6	45.5	0.0	86.8	19.4	0.0	341	17	8	17.1
2019-07-07 06:00	22.4	23.4	45.7	12.0	86.8	19.0	0.0	330	19	8	16.7
2019-07-07 06:30	22.3	23.3	45.7	50.0	81.1	19.0	0.0	319	14	6	15.7
2019-07-07 07:00	22.5	23.2	45.5	138.0	76.9	19.6	0.0	255	12	4	15.4
2019-07-07 07:30	23.0	23.2	45.3	166.0	76.3	19.8	0.0	265	11	3	15.5
2019-07-07 08:00	23.8	23.4	45.3	234.0	73.6	20.6	0.0	227	12	4	15.7
2019-07-07 08:30	24.7	23.8	45.3	250.0	72.6	20.9	0.0	242	12	4	15.8
2019-07-07 09:00	25.5	24.3	45.2	292.0	71.4	21.3	0.0	280	19	8	15.9
2019-07-07 09:30	26.4	24.8	45.2	339.0	69.0	21.8	0.0	262	17	6	15.9
2019-07-07 10:00	27.3	25.3	45.2	379.0	67.8	21.9	0.0	304	17	9	15.7
2019-07-07 10:30	28.3	25.8	45.2	479.0	66.2	22.9	0.0	217	16	6	16.3
2019-07-07 11:00	29.9	26.6	45.3	558.0	63.3	23.8	0.0	169	12	4	16.4
2019-07-07 11:30	30.9	27.4	45.8	523.0	62.1	24.0	0.0	293	17	8	16.3
2019-07-07 12:00	31.7	28.1	45.7	584.0	60.7	24.2	0.0	297	17	8	16.1
2019-07-07 12:30	32.9	28.8	45.7	671.0	58.6	24.7	0.0	252	16	6	16.0
2019-07-07 13:00	34.6	29.6	45.7	838.0	57.1	25.7	0.0	283	16	8	16.6
2019-07-07 13:30	36.4	30.7	45.5	899.0	55.5	26.1	0.0	255	19	6	16.5
2019-07-07 14:00	37.2	31.8	46.1	701.0	55.4	25.8	0.0	237	14	6	16.2
2019-07-07 14:30	37.2	32.4	46.1	700.0	55.9	25.9	0.0	248	17	6	16.4
2019-07-07 15:00	36.3	32.7	46.2	413.0	54.2	25.5	0.0	247	16	6	15.6
2019-07-07 15:30	35.4	32.4	46.2	652.0	49.0	26.2	0.0	262	17	6	14.6
2019-07-07 16:00	37.2	32.6	46.0	765.0	45.6	27.2	0.0	302	19	9	14.4
2019-07-07 16:30	37.3	33.1	46.2	667.0	46.1	27.0	0.0	251	20	8	14.4
2019-07-07 17:00	37.0	33.4	46.2	580.0	46.0	26.4	0.0	184	14	6	13.8
2019-07-07 17:30	36.1	33.4	46.2	481.0	46.4	26.1	0.0	142	16	6	13.7
2019-07-07 18:00	34.6	33.2	46.4	284.0	48.8	25.3	0.0	189	12	4	13.8
2019-07-07 18:30	32.9	32.6	46.4	274.0	48.6	25.0	0.0	199	12	4	13.4
2019-07-07 19:00	31.8	31.9	46.1	214.0	50.0	24.8	0.0	184	12	4	13.7
2019-07-07 19:30	30.0	31.2	45.8	133.0	52.0	24.3	0.0	235	9	3	13.8
2019-07-07 20:00	28.5	30.3	46.0	59.0	54.9	23.3	0.0	316	8	0	13.7
2019-07-07 20:30	27.3	29.3	46.0	11.0	61.1	21.9	0.0	344	3	0	14.1
2019-07-07 21:00	26.2	28.4	45.8	0.0	63.0	20.7	0.0	351	3	0	13.4
2019-07-07 21:30	25.2	27.6	45.5	0.0	71.8	19.2	0.0	354	0	0	14.0
2019-07-07 22:00	24.4	26.8	45.5	0.0	67.2	19.5	0.0	354	3	0	13.3
2019-07-07 22:30	23.8	26.1	45.7	0.0	76.0	18.2	0.0	354	0	0	13.9
2019-07-07 23:00	23.2	25.5	45.5	0.0	68.4	18.7	0.0	354	3	0	12.8
2019-07-07 23:30	22.7	24.9	45.2	0.0	61.4	18.8	0.0	341	8	0	11.2
2019-07-08 00:00	22.2	24.4	45.0	0.0	63.9	18.1	0.0	334	6	0	11.2
2019-07-08 00:30	21.8	24.0	45.0	0.0	66.2	17.6	0.0	345	6	0	11.2
2019-07-08 01:00	21.4	23.6	45.0	0.0	66.0	17.2	0.0	348	8	0	10.8
2019-07-08 01:30	21.1	23.2	45.0	0.0	69.1	16.5	0.0	351	3	0	10.8
2019-07-08 02:00	20.9	22.9	44.7	0.0	78.5	15.4	0.0	347	1	0	11.7
2019-07-08 02:30	20.7	22.6	44.4	0.0	73.2	16.1	0.0	348	3	0	11.3
2019-07-08 03:00	20.4	22.3	44.4	0.0	76.3	15.4	0.0	347	3	0	11.2
2019-07-08 03:30	20.2	22.1	44.2	0.0	79.9	14.6	0.0	326	3	0	11.2
2019-07-08 04:00	19.9	21.8	44.2	0.0	79.3	14.7	0.0	320	4	0	11.2
2019-07-08 04:30	19.7	21.6	44.2	0.0	80.3	14.4	0.0	320	3	0	11.0
2019-07-08 05:00	19.7	21.3	44.4	0.0	81.1	14.6	0.0	323	1	0	11.4
2019-07-08 05:30	19.7	21.2	44.4	2.0	79.8	14.8	0.0	319	3	0	11.3
2019-07-08 06:00	19.4	21.0	44.4	16.0	79.5	14.7	0.0	316	1	0	11.2
2019-07-08 06:30	19.3	20.8	44.2	54.0	77.1	15.4	0.0	316	1	0	11.4
2019-07-08 07:00	19.6	20.7	44.0	153.0	70.3	17.4	0.0	324	4	0	11.9
2019-07-08 07:30	20.0	20.8	44.0	230.0	63.6	18.9	0.0	323	6	1	11.8
2019-07-08 08:00	20.8	20.9	43.7	312.0	57.9	20.2	0.0	276	8	1	11.6
2019-07-08 08:30	22.7	21.4	43.8	395.0	52.5	21.2	0.0	303	9	3	11.1
2019-07-08 09:00	24.6	22.2	44.1	485.0	50.2	22.1	0.0	317	8	3	11.2
2019-07-08 09:30	26.4	23.1	44.0	544.0	51.0	22.9	0.0	238	6	1	12.2
2019-07-08 10:00	28.2	24.2	44.2	610.0	50.0	24.0	0.0	261	8	1	12.9
2019-07-08 10:30	30.1	25.3	44.4	687.0	50.9	24.6	0.0	334	8	1	13.8
2019-07-08 11:00	31.9	26.4	44.6	741.0	51.3	25.2	0.0	289	8	1	14.4
2019-07-08 11:30	33.5	27.5	44.4	790.0	50.6	25.8	0.0	259	6	1	14.8
2019-07-08 12:00	34.9	28.7	44.7	807.0	48.9	26.3	0.0	179	8	1	14.7
2019-07-08 12:30	36.1	29.7	45.0	849.0	46.6	26.7	0.0	153	8	0	14.3
2019-07-08 13:00	37.6	30.8	44.7	912.0	45.3	27.6	0.0	223	6	1	14.7
2019-07-08 13:30	38.7	31.8	44.6	915.0	45.3	27.9	0.0	207	8	0	15.0
2019-07-08 14:00	39.3	32.8	44.6	900.0	42.6	28.8	0.0	100	6	0	14.8
2019-07-08 14:30	39.9	33.6	44.9	863.0	40.2	29.4	0.0	251	8	0	14.5
2019-07-08 15:00	40.2	34.2	44.9	810.0	39.1	29.2	0.0	279	8	1	13.9
2019-07-08 15:30	40.1	34.6	44.9	743.0	39.2	29.5	0.0	218	6	0	14.2
2019-07-08 16:00	39.6	34.8	45.0	676.0	38.7	29.6	0.0	124	4	0	14.1
2019-07-08 16:30	39.1	34.9	45.3	591.0	38.7	29.4	0.0	289	8	1	13.9
2019-07-08 17:00	38.3	34.8	45.5	518.0	40.4	29.1	0.0	304	9	3	14.3
2019-07-08 17:30	37.2	34.4	45.7	425.0	45.4	28.3	0.0	293	12	4	15.4
2019-07-08 18:00	35.7	33.9	45.2	353.0	50.9	27.1	0.0	216	11	4	16.1
2019-07-08 18:30	34.2	33.3	45.2	261.0	51.7	26.3	0.0	232	17	4	15.6
2019-07-08 19:00	32.4	32.6	45.5	173.0	51.2	25.2	0.0	238	12	4	14.4
2019-07-08 19:30	30.6	31.7	45.2	86.0	49.7	24.3	0.0	296	11	3	13.1
2019-07-08 20:00	29.0	30.6	45.0	36.0	51.9	23.2	0.0	347	6	1	12.8
2019-07-08 20:30	27.7	29.6	44.7	7.0	58.6	22.0	0.0	354	3	0	13.5
2019-07-08 21:00	26.6	28.6	44.7	0.0	63.3	20.9	0.0	357	3	0	13.7
2019-07-08 21:30	25.7	27.7	44.7	0.0	64.9	20.3	0.0	354	3	0	13.5
2019-07-08 22:00	24.9	27.0	44.2	0.0	67.1	19.5	0.0	336	3	0	13.2
2019-07-08 22:30	24.2	26.3	44.4	0.0	71.0	18.4	0.0	358	1	0	13.0
2019-07-08 23:00	23.5	25.7	44.2	0.0	76.7	17.4	0.0	358	1	0	13.3
2019-07-08 23:30	22.9	25.1	44.0	0.0	73.4	17.6	0.0	358	1	0	12.8
2019-07-09 00:00	22.5	24.6	43.8	0.0	74.7	17.2	0.0	354	1	0	12.7
2019-07-09 00:30	22.1	24.2	43.2	0.0	83.7	16.1	0.0	345	0	0	13.3
2019-07-09 01:00	21.7	23.8	43.2	0.0	79.1	16.4	0.0	345	1	0	12.8
2019-07-09 01:30	21.3	23.4	43.2	0.0	82.4	16.0	0.0	347	0	0	13.0
2019-07-09 02:00	21.1	23.1	42.9	0.0	87.4	15.4	0.0	347	0	0	13.3
2019-07-09 02:30	20.7	22.8	42.6	0.0	92.6	14.3	0.0	347	0	0	13.1
2019-07-09 03:00	20.4	22.5	42.6	0.0	94.0	14.1	0.0	347	0	0	13.1
2019-07-09 03:30	20.2	22.2	42.6	0.0	92.6	14.4	0.0	347	1	0	13.2
2019-07-09 04:00	20.1	21.9	42.6	0.0	91.2	15.1	0.0	347	1	0	13.7
2019-07-09 04:30	19.9	21.7	42.4	0.0	91.8	14.9	0.0	348	1	0	13.6
2019-07-09 05:00	19.6	21.5	42.1	0.0	95.4	13.9	0.0	348	0	0	13.2
2019-07-09 05:30	19.4	21.3	41.9	2.0	97.2	14.1	0.0	348	0	0	13.7
2019-07-09 06:00	19.3	21.1	42.0	27.0	96.3	14.5	0.0	348	0	0	13.9
2019-07-09 06:30	19.6	21.0	42.0	89.0	88.9	17.2	0.0	348	0	0	15.4
2019-07-09 07:00	20.1	21.0	42.1	116.0	85.9	18.5	0.0	348	0	0	16.1
2019-07-09 07:30	20.6	21.1	42.0	196.0	80.4	20.5	0.0	193	3	0	17.0
2019-07-09 08:00	21.6	21.4	41.9	321.0	72.2	22.4	0.0	97	9	0	17.1
2019-07-09 08:30	23.7	22.0	41.9	423.0	65.2	23.7	0.0	98	8	1	16.8
2019-07-09 09:00	25.6	22.9	41.9	506.0	59.7	24.9	0.0	115	12	4	16.5
2019-07-09 09:30	27.3	23.9	42.4	582.0	55.7	26.1	0.0	121	11	4	16.6
2019-07-09 10:00	29.3	25.1	42.3	657.0	55.5	27.0	0.0	111	11	3	17.3
2019-07-09 10:30	31.1	26.3	42.1	702.0	55.0	27.6	0.0	105	12	3	17.7
2019-07-09 11:00	32.5	27.4	42.8	682.0	56.1	27.9	0.0	101	14	3	18.3
2019-07-09 11:30	33.9	28.5	42.6	782.0	54.4	28.8	0.0	111	12	3	18.7
2019-07-09 12:00	34.3	29.5	42.9	633.0	54.9	28.5	0.0	108	12	3	18.6
2019-07-09 12:30	35.2	30.2	42.9	604.0	54.4	28.8	0.0	97	12	4	18.7
2019-07-09 13:00	35.7	30.9	42.9	901.0	52.4	29.9	0.0	112	12	4	19.1
2019-07-09 13:30	37.2	31.8	42.9	855.0	50.7	30.3	0.0	128	17	4	18.9
2019-07-09 14:00	38.1	32.7	42.6	852.0	49.9	30.2	0.0	104	20	6	18.6
2019-07-09 14:30	38.3	33.4	42.6	834.0	49.0	30.6	0.0	124	19	4	18.7
2019-07-09 15:00	38.5	33.9	42.8	688.0	48.4	30.7	0.0	118	14	4	18.6
2019-07-09 15:30	37.2	34.2	43.3	502.0	50.2	30.3	0.0	145	19	4	18.8
2019-07-09 16:00	36.1	33.8	43.2	451.0	50.9	30.3	0.0	128	9	3	19.0
2019-07-09 16:30	36.1	33.6	42.9	594.0	48.8	31.1	0.0	134	14	4	19.1
2019-07-09 17:00	34.6	33.4	43.2	317.0	51.9	29.8	0.0	134	11	3	18.9
2019-07-09 17:30	34.6	33.0	42.6	395.0	50.3	30.4	0.0	125	14	4	18.9
2019-07-09 18:00	32.6	32.6	43.0	122.0	54.1	28.7	0.0	121	11	4	18.5
2019-07-09 18:30	31.3	31.8	43.0	209.0	53.1	29.0	0.0	111	14	4	18.5
2019-07-09 19:00	30.8	31.2	42.8	191.0	52.5	29.2	0.0	120	14	6	18.5
2019-07-09 19:30	29.8	30.6	42.4	124.0	53.3	28.9	0.0	117	12	4	18.4
2019-07-09 20:00	28.8	30.0	42.1	40.0	56.9	27.8	0.0	122	11	3	18.5
2019-07-09 20:30	27.8	29.3	42.3	4.0	57.7	27.3	0.0	122	12	3	18.2
2019-07-09 21:00	27.1	28.6	41.9	0.0	59.1	27.1	0.0	115	12	3	18.4
2019-07-09 21:30	26.6	28.0	41.7	0.0	58.5	27.3	0.0	108	11	3	18.4
2019-07-09 22:00	26.3	27.5	41.7	0.0	59.4	27.2	0.0	105	11	3	18.6
2019-07-09 22:30	26.2	27.2	41.6	0.0	62.0	26.6	0.0	100	6	1	18.7
2019-07-09 23:00	25.9	26.9	41.2	0.0	64.6	26.1	0.0	110	6	0	18.9
2019-07-09 23:30	25.6	26.6	41.1	0.0	66.9	25.7	0.0	111	6	0	19.1
2019-07-10 00:00	25.3	26.4	41.1	0.0	69.9	24.9	0.0	122	6	1	19.0
2019-07-10 00:30	25.0	26.1	41.1	0.0	69.0	25.2	0.0	132	14	4	19.1
2019-07-10 01:00	24.9	25.8	41.1	0.0	67.2	25.8	0.0	136	16	6	19.3
2019-07-10 01:30	24.8	25.7	41.1	0.0	68.4	25.9	0.0	160	16	6	19.6
2019-07-10 02:00	24.6	25.5	41.1	0.0	72.7	25.1	0.0	169	16	6	19.9
2019-07-10 02:30	24.4	25.3	41.0	0.0	73.9	25.0	0.0	145	12	4	20.0
2019-07-10 03:00	24.4	25.2	40.8	0.0	79.2	24.4	0.0	142	8	1	20.6
2019-07-10 03:30	24.3	25.1	40.7	0.0	82.1	24.1	0.0	142	9	3	20.9
2019-07-10 04:00	24.2	24.9	40.7	0.0	84.2	23.8	0.0	138	11	1	21.0
2019-07-10 04:30	24.0	24.8	40.5	0.0	87.5	23.2	0.0	136	8	1	21.0
2019-07-10 05:00	23.8	24.6	40.5	0.0	87.6	23.3	0.0	156	11	3	21.1
2019-07-10 05:30	23.6	24.4	40.5	0.0	89.0	22.8	0.0	169	6	1	20.9
2019-07-10 06:00	23.4	24.3	40.5	6.0	90.6	22.6	0.0	168	4	0	21.0
2019-07-10 06:30	23.4	24.2	40.5	73.0	86.5	23.9	0.0	160	8	1	21.5
2019-07-10 07:00	23.7	24.1	40.5	148.0	82.8	25.3	0.0	162	8	3	22.2
2019-07-10 07:30	23.9	24.1	40.5	228.0	80.6	26.2	0.0	155	11	3	22.6
2019-07-10 08:00	24.8	24.3	40.5	313.0	81.4	26.5	0.0	182	11	4	23.1
2019-07-10 08:30	26.6	24.7	40.5	405.0	81.6	26.8	0.0	203	12	4	23.4
2019-07-10 09:00	28.2	25.5	40.8	497.0	80.0	27.4	0.0	214	14	4	23.6
2019-07-10 09:30	30.1	26.4	40.8	584.0	76.2	28.6	0.0	207	9	3	24.0
2019-07-10 10:00	31.8	27.6	41.0	663.0	72.8	29.3	0.0	214	12	4	23.9
2019-07-10 10:30	33.7	28.7	41.0	735.0	69.6	30.3	0.0	221	12	4	24.1
2019-07-10 11:00	35.2	29.9	41.2	799.0	68.6	30.8	0.0	208	12	4	24.4
2019-07-10 11:30	35.8	30.9	41.2	602.0	65.3	31.0	0.0	223	12	4	23.7
2019-07-10 12:00	36.4	31.6	41.1	872.0	61.4	31.9	0.0	213	14	6	23.5
2019-07-10 12:30	38.1	32.4	40.8	868.0	58.4	32.4	0.0	203	14	4	23.2
2019-07-10 13:00	38.7	33.3	41.0	882.0	57.2	32.4	0.0	200	19	8	22.8
2019-07-10 13:30	39.4	34.1	41.1	954.0	55.6	32.8	0.0	206	19	8	22.7
2019-07-10 14:00	39.7	34.8	41.1	783.0	55.9	32.7	0.0	203	19	6	22.7
2019-07-10 14:30	39.9	35.2	41.1	813.0	53.2	33.1	0.0	210	19	8	22.3
2019-07-10 15:00	39.7	35.4	41.0	845.0	50.3	33.2	0.0	211	20	8	21.5
2019-07-10 15:30	39.9	35.7	41.0	785.0	48.9	33.3	0.0	217	19	6	21.1
2019-07-10 16:00	39.3	35.8	40.8	708.0	49.3	32.8	0.0	217	19	8	20.8
2019-07-10 16:30	38.2	35.5	41.0	612.0	49.7	32.3	0.0	217	17	8	20.5
2019-07-10 17:00	37.7	35.2	40.5	555.0	50.0	32.3	0.0	211	17	8	20.5
2019-07-10 17:30	36.6	34.7	40.7	483.0	49.3	31.8	0.0	227	19	8	19.9
2019-07-10 18:00	35.5	34.2	40.3	391.0	50.8	31.6	0.0	221	17	8	20.2
2019-07-10 18:30	34.2	33.5	40.2	299.0	50.3	31.1	0.0	221	16	8	19.5
2019-07-10 19:00	32.7	32.7	40.1	217.0	50.8	30.6	0.0	225	16	8	19.2
2019-07-10 19:30	31.0	31.9	39.8	139.0	48.7	29.6	0.0	230	14	6	17.7
2019-07-10 20:00	29.6	30.9	39.7	67.0	51.4	28.3	0.0	224	12	3	17.3
2019-07-10 20:30	28.4	29.9	39.7	10.0	54.6	27.1	0.0	218	16	3	17.2
2019-07-10 21:00	27.4	29.1	39.3	0.0	53.7	26.2	0.0	224	14	4	16.1
2019-07-10 21:30	26.6	28.3	39.2	0.0	54.5	25.6	0.0	231	14	4	15.7
2019-07-10 22:00	26.1	27.6	38.8	0.0	58.1	24.8	0.0	247	11	4	16.0
2019-07-10 22:30	25.6	26.9	38.6	0.0	61.5	24.3	0.0	251	11	4	16.4
2019-07-10 23:00	25.2	26.4	38.2	0.0	64.8	23.6	0.0	252	11	3	16.6
2019-07-10 23:30	24.8	26.1	38.2	0.0	69.2	22.6	0.0	254	6	1	16.7
2019-07-11 00:00	24.4	25.7	38.2	0.0	71.1	22.1	0.0	244	8	1	16.6
2019-07-11 00:30	23.9	25.3	38.2	0.0	74.0	21.5	0.0	238	3	0	16.7
2019-07-11 01:00	23.7	25.0	38.2	0.0	75.6	21.1	0.0	249	4	0	16.6
2019-07-11 01:30	23.4	24.7	38.1	0.0	76.1	20.9	0.0	242	4	0	16.5
2019-07-11 02:00	23.2	24.4	38.0	0.0	76.9	20.8	0.0	252	4	1	16.6
2019-07-11 02:30	22.9	24.2	37.8	0.0	80.1	20.2	0.0	240	8	0	16.7
2019-07-11 03:00	22.7	23.9	37.6	0.0	81.3	20.0	0.0	234	3	0	16.7
2019-07-11 03:30	22.4	23.7	37.6	0.0	82.6	19.8	0.0	245	8	0	16.8
2019-07-11 04:00	22.3	23.5	37.8	0.0	83.7	19.7	0.0	262	4	0	16.9
2019-07-11 04:30	22.2	23.3	37.8	0.0	85.3	19.5	0.0	273	3	0	17.0
2019-07-11 05:00	22.0	23.2	37.8	0.0	86.4	19.4	0.0	273	4	0	17.1
2019-07-11 05:30	21.9	23.0	37.6	1.0	88.6	19.1	0.0	288	4	0	17.2
2019-07-11 06:00	21.8	22.8	37.8	16.0	89.1	19.0	0.0	285	1	0	17.2
2019-07-11 06:30	21.8	22.7	37.6	83.0	85.3	20.4	0.0	288	4	0	17.8
2019-07-11 07:00	22.1	22.7	37.6	152.0	82.4	21.6	0.0	295	6	0	18.5
2019-07-11 07:30	22.4	22.7	37.6	229.0	77.7	22.7	0.0	309	8	1	18.6
2019-07-11 08:00	23.3	22.9	37.6	324.0	73.5	23.6	0.0	320	9	3	18.6
2019-07-11 08:30	25.2	23.4	37.6	349.0	69.3	24.3	0.0	331	11	3	18.3
2019-07-11 09:00	26.1	24.2	37.8	242.0	70.2	23.7	0.0	331	11	3	17.9
2019-07-11 09:30	26.8	24.7	38.0	434.0	68.0	24.8	0.0	321	8	1	18.5
2019-07-11 10:00	29.0	25.6	38.2	513.0	66.4	25.3	0.0	314	9	1	18.6
2019-07-11 10:30	31.4	26.7	38.1	709.0	62.7	26.4	0.0	312	9	3	18.7
2019-07-11 11:00	33.2	28.0	38.3	680.0	61.0	26.9	0.0	328	9	3	18.7
2019-07-11 11:30	34.9	29.2	38.5	723.0	60.5	27.2	0.0	306	9	1	18.9
2019-07-11 12:00	34.7	30.2	38.6	558.0	61.1	26.9	0.0	297	11	3	18.8
2019-07-11 12:30	34.9	30.6	38.6	706.0	58.0	27.8	0.0	295	12	3	18.8
2019-07-11 13:00	35.9	31.2	38.5	690.0	57.8	27.8	0.0	307	12	4	18.7
2019-07-11 13:30	38.0	32.0	38.2	787.0	54.7	28.6	0.0	299	12	4	18.6
2019-07-11 14:00	37.5	32.7	38.3	782.0	53.4	28.7	0.0	307	11	3	18.3
2019-07-11 14:30	38.7	33.3	38.2	769.0	54.2	28.9	0.0	307	12	4	18.7
2019-07-11 15:00	40.0	34.0	38.1	906.0	51.4	29.8	0.0	304	11	3	18.7
2019-07-11 15:30	40.6	34.8	38.1	750.0	53.6	29.3	0.0	232	14	4	18.9
2019-07-11 16:00	39.3	35.2	38.3	602.0	56.2	28.9	0.0	225	16	3	19.3
2019-07-11 16:30	39.0	35.1	38.2	652.0	55.4	29.2	0.0	303	17	4	19.3
2019-07-11 17:00	38.7	35.1	38.2	524.0	55.3	29.1	0.0	275	11	1	19.2
2019-07-11 17:30	37.7	34.8	38.1	446.0	52.8	28.8	0.0	321	16	4	18.2
2019-07-11 18:00	36.4	34.3	38.1	417.0	55.8	28.1	0.0	235	16	6	18.4
2019-07-11 18:30	34.9	33.7	38.1	236.0	60.5	26.7	0.0	203	12	4	18.4
2019-07-11 19:00	33.3	33.0	38.2	222.0	62.7	26.0	0.0	152	9	3	18.3
2019-07-11 19:30	31.6	32.2	38.0	133.0	65.3	24.8	0.0	153	9	1	17.8
2019-07-11 20:00	29.9	31.3	37.5	51.0	68.9	23.0	0.0	49	9	3	17.0
2019-07-11 20:30	28.5	30.3	37.5	12.0	72.7	21.6	0.0	172	6	1	16.5
2019-07-11 21:00	27.4	29.3	37.5	0.0	75.0	20.4	0.0	152	6	0	15.8
2019-07-11 21:30	26.4	28.4	37.4	0.0	78.2	19.5	0.0	114	3	0	15.6
2019-07-11 22:00	25.6	27.6	37.0	0.0	82.0	18.7	0.0	360	1	0	15.6
2019-07-11 22:30	24.9	26.9	37.0	0.0	84.9	17.9	0.0	360	1	0	15.3
2019-07-11 23:00	24.3	26.3	37.0	0.0	87.7	17.0	0.0	360	1	0	14.9
2019-07-11 23:30	23.7	25.8	37.1	0.0	94.4	15.8	0.0	360	0	0	14.9
2019-07-12 00:00	23.1	25.2	36.6	0.0	95.5	15.1	0.0	360	0	0	14.4
2019-07-12 00:30	22.6	24.7	36.6	0.0	94.4	15.3	0.0	360	0	0	14.4
2019-07-12 01:00	22.2	24.3	36.6	0.0	95.0	14.6	0.0	360	0	0	13.8
2019-07-12 01:30	21.8	23.9	36.5	0.0	95.1	14.6	0.0	360	0	0	13.8
2019-07-12 02:00	21.4	23.5	36.6	0.0	95.2	14.1	0.0	360	0	0	13.3
2019-07-12 02:30	21.0	23.1	36.5	0.0	96.1	13.7	0.0	360	0	0	13.1
2019-07-12 03:00	20.6	22.8	36.3	0.0	97.7	13.4	0.0	360	0	0	13.0
2019-07-12 03:30	20.3	22.4	36.1	0.0	98.6	13.2	0.0	360	0	0	13.0
2019-07-12 04:00	19.9	22.1	36.1	0.0	98.8	12.6	0.0	360	0	0	12.4
2019-07-12 04:30	19.6	21.8	36.0	0.0	99.2	12.9	0.0	360	0	0	12.8
2019-07-12 05:00	19.3	21.4	36.1	0.0	99.5	12.7	0.0	360	0	0	12.6
2019-07-12 05:30	19.1	21.2	36.0	1.0	99.8	12.6	0.0	360	0	0	12.6
2019-07-12 06:00	18.9	20.9	36.0	17.0	99.8	12.9	0.0	360	0	0	12.9
2019-07-12 06:30	18.9	20.8	36.0	101.0	93.4	15.0	0.0	360	0	0	13.9
2019-07-12 07:00	19.2	20.7	36.1	175.0	87.5	17.3	0.0	360	0	0	15.2
2019-07-12 07:30	19.7	20.7	36.0	255.0	80.3	19.3	0.0	355	1	0	15.8
2019-07-12 08:00	20.5	20.9	35.8	332.0	72.6	19.9	0.0	336	1	0	14.8
2019-07-12 08:30	22.6	21.4	35.8	411.0	61.3	21.4	0.0	283	1	0	13.6
2019-07-12 09:00	24.6	22.3	35.8	505.0	57.8	22.3	0.0	203	3	0	13.6
2019-07-12 09:30	26.7	23.3	36.4	593.0	57.9	23.6	0.0	196	3	0	14.8
2019-07-12 10:00	28.7	24.6	36.4	673.0	57.8	24.1	0.0	194	6	0	15.3
2019-07-12 10:30	30.6	25.9	36.6	746.0	58.3	25.0	0.0	190	8	1	16.2
2019-07-12 11:00	32.4	27.2	36.8	806.0	58.8	25.5	0.0	214	8	1	16.8
2019-07-12 11:30	34.2	28.5	36.8	858.0	57.0	26.1	0.0	214	8	1	16.9
2019-07-12 12:00	35.7	29.8	37.0	894.0	55.2	26.9	0.0	199	8	1	17.2
2019-07-12 12:30	36.8	30.9	37.0	920.0	55.3	27.1	0.0	200	11	3	17.4
2019-07-12 13:00	37.9	31.9	36.6	932.0	52.3	28.1	0.0	234	9	1	17.4
2019-07-12 13:30	38.8	32.8	36.8	919.0	50.6	28.6	0.0	190	9	3	17.3
2019-07-12 14:00	39.1	33.6	37.0	919.0	51.4	28.7	0.0	193	11	3	17.7
2019-07-12 14:30	39.5	34.2	37.1	889.0	48.8	29.6	0.0	176	11	3	17.7
2019-07-12 15:00	39.8	34.8	37.1	852.0	47.4	29.7	0.0	204	9	1	17.3
2019-07-12 15:30	39.7	35.1	37.0	799.0	48.6	29.7	0.0	206	12	3	17.7
2019-07-12 16:00	39.3	35.3	36.8	735.0	47.9	29.9	0.0	189	12	3	17.7
2019-07-12 16:30	38.5	35.2	37.0	659.0	48.5	29.9	0.0	196	12	3	17.9
2019-07-12 17:00	37.7	34.9	37.0	575.0	47.8	30.2	0.0	184	9	3	17.9
2019-07-12 17:30	36.7	34.6	36.8	486.0	48.2	30.0	0.0	196	12	3	17.9
2019-07-12 18:00	35.4	34.0	36.8	396.0	47.8	29.7	0.0	193	9	3	17.5
2019-07-12 18:30	34.1	33.3	36.8	307.0	48.5	29.5	0.0	180	9	3	17.5
2019-07-12 19:00	32.5	32.5	36.8	221.0	50.2	28.9	0.0	180	12	3	17.5
2019-07-12 19:30	30.6	31.7	36.6	142.0	52.2	28.1	0.0	168	9	3	17.4
2019-07-12 20:00	29.0	30.7	36.4	64.0	56.2	26.7	0.0	175	8	1	17.2
2019-07-12 20:30	27.8	29.7	36.5	6.0	63.0	24.5	0.0	176	4	0	17.0
2019-07-12 21:00	26.9	28.8	36.3	0.0	66.1	23.5	0.0	170	6	0	16.8
2019-07-12 21:30	26.3	28.1	36.0	0.0	68.7	22.9	0.0	168	3	0	16.8
2019-07-12 22:00	25.7	27.4	36.0	0.0	70.8	22.6	0.0	163	4	0	17.0
2019-07-12 22:30	25.2	26.9	35.8	0.0	71.3	22.8	0.0	192	4	0	17.3
2019-07-12 23:00	24.8	26.4	35.6	0.0	70.8	23.0	0.0	203	6	1	17.4
2019-07-12 23:30	24.5	26.0	35.4	0.0	74.5	22.2	0.0	217	4	0	17.4
2019-07-13 00:00	24.1	25.6	35.4	0.0	80.3	20.8	0.0	217	3	0	17.3
2019-07-13 00:30	23.7	25.3	35.4	0.0	83.3	20.3	0.0	200	1	0	17.4
2019-07-13 01:00	23.4	24.9	35.4	0.0	85.3	19.9	0.0	200	1	0	17.4
2019-07-13 01:30	23.1	24.6	35.4	0.0	86.9	19.4	0.0	182	1	0	17.2
2019-07-13 02:00	22.8	24.3	35.3	0.0	88.0	19.3	0.0	169	3	0	17.3
2019-07-13 02:30	22.7	24.1	35.0	0.0	87.5	19.5	0.0	156	6	0	17.4
2019-07-13 03:00	22.5	23.8	34.9	0.0	86.5	19.7	0.0	165	3	0	17.4
2019-07-13 03:30	22.3	23.7	35.0	0.0	86.0	19.9	0.0	165	3	0	17.5
2019-07-13 04:00	22.1	23.4	35.0	0.0	85.7	19.9	0.0	170	4	0	17.4
2019-07-13 04:30	21.9	23.3	35.0	0.0	86.5	20.0	0.0	183	4	0	17.7
2019-07-13 05:00	21.9	23.1	35.0	0.0	86.9	20.0	0.0	183	4	0	17.8
2019-07-13 05:30	21.8	22.9	35.0	0.0	87.4	19.9	0.0	182	4	1	17.7
2019-07-13 06:00	21.7	22.8	35.0	10.0	87.0	20.2	0.0	193	4	0	18.0
2019-07-13 06:30	21.8	22.7	34.9	69.0	83.8	21.2	0.0	183	6	1	18.3
2019-07-13 07:00	22.1	22.7	34.9	141.0	80.2	22.4	0.0	184	11	3	18.8
2019-07-13 07:30	22.4	22.8	34.9	214.0	77.5	23.4	0.0	182	11	3	19.2
2019-07-13 08:00	23.1	22.9	34.9	265.0	75.4	24.2	0.0	187	9	3	19.6
2019-07-13 08:30	24.5	23.4	34.9	333.0	74.3	25.0	0.0	189	8	1	20.1
2019-07-13 09:00	26.6	24.2	34.9	475.0	70.2	26.5	0.0	193	9	3	20.6
2019-07-13 09:30	27.9	25.1	35.4	473.0	68.6	26.8	0.0	204	14	4	20.5
2019-07-13 10:00	29.4	26.1	35.3	593.0	67.7	27.7	0.0	208	12	6	21.2
2019-07-13 10:30	31.4	27.2	35.3	711.0	65.1	28.7	0.0	194	14	6	21.5
2019-07-13 11:00	33.1	28.4	35.4	734.0	64.4	29.5	0.0	199	12	4	22.1
2019-07-13 11:30	34.4	29.6	35.6	760.0	62.6	30.3	0.0	207	17	6	22.4
2019-07-13 12:00	35.6	30.6	35.6	850.0	59.1	30.8	0.0	213	16	8	21.9
2019-07-13 12:30	36.5	31.6	35.4	798.0	57.6	31.2	0.0	225	17	9	21.8
2019-07-13 13:00	36.7	32.2	35.2	837.0	57.3	31.5	0.0	235	19	8	22.0
2019-07-13 13:30	38.1	32.9	34.7	850.0	56.8	32.1	0.0	231	17	6	22.4
2019-07-13 14:00	38.6	33.7	34.6	831.0	55.5	32.6	0.0	237	12	4	22.5
2019-07-13 14:30	38.8	34.2	34.7	760.0	55.6	32.6	0.0	244	14	4	22.6
2019-07-13 15:00	39.8	34.8	34.9	846.0	53.0	33.4	0.0	237	12	3	22.5
2019-07-13 15:30	40.3	35.4	35.0	808.0	50.1	34.3	0.0	201	9	0	22.4
2019-07-13 16:00	41.0	36.1	35.3	790.0	48.8	34.6	0.0	211	8	0	22.3
2019-07-13 16:30	40.7	36.6	35.3	741.0	48.0	34.2	0.0	228	6	1	21.6
2019-07-13 17:00	40.1	36.7	35.2	545.0	49.8	33.8	0.0	213	6	1	21.9
2019-07-13 17:30	38.6	36.3	35.4	372.0	49.7	33.8	0.0	231	4	0	21.8
2019-07-13 18:00	36.9	35.6	35.3	281.0	56.6	32.2	0.0	228	4	0	22.5
2019-07-13 18:30	35.2	34.8	35.3	115.0	61.7	30.6	0.0	235	4	0	22.4
2019-07-13 19:00	33.0	33.7	35.4	109.0	65.2	27.1	0.0	146	22	8	20.0
2019-07-13 19:30	31.7	32.6	35.3	73.0	66.3	27.1	0.0	87	12	1	20.3
2019-07-13 20:00	31.1	31.8	34.9	34.0	70.0	27.2	0.0	175	9	0	21.2
2019-07-13 20:30	30.2	31.1	34.6	5.0	72.1	26.4	0.0	135	4	0	21.0
2019-07-13 21:00	29.3	30.4	34.6	0.0	74.7	25.4	0.0	302	11	3	20.6
2019-07-13 21:30	28.5	29.7	34.4	0.0	78.2	24.1	0.0	340	8	1	20.1
2019-07-13 22:00	27.9	29.1	34.4	0.0	78.4	23.4	0.0	261	8	1	19.4
2019-07-13 22:30	27.3	28.5	34.3	0.0	80.4	22.8	0.0	128	3	0	19.2
2019-07-13 23:00	26.8	28.0	34.1	0.0	79.9	22.7	0.0	248	3	0	19.0
2019-07-13 23:30	26.3	27.6	33.7	0.0	80.5	22.3	0.0	64	1	0	18.8
2019-07-14 00:00	25.9	27.2	33.7	0.0	80.8	22.2	0.0	358	3	0	18.7
2019-07-14 00:30	25.7	26.8	33.7	0.0	82.4	21.8	0.0	358	1	0	18.7
2019-07-14 01:00	25.4	26.5	33.7	0.0	83.2	21.4	0.0	358	1	0	18.4
2019-07-14 01:30	25.1	26.2	33.7	0.0	84.7	20.9	0.0	358	3	0	18.2
2019-07-14 02:00	24.8	25.9	33.7	0.0	82.2	21.0	0.0	358	1	0	17.8
2019-07-14 02:30	24.4	25.7	33.6	0.0	86.2	20.1	0.0	358	0	0	17.7
2019-07-14 03:00	23.9	25.3	33.5	0.0	89.3	19.3	0.0	358	1	0	17.5
2019-07-14 03:30	23.7	25.1	33.4	0.0	87.0	19.3	0.0	357	1	0	17.1
2019-07-14 04:00	23.4	24.8	33.5	0.0	89.2	18.8	0.0	357	0	0	17.0
2019-07-14 04:30	23.1	24.5	33.5	0.0	89.6	18.5	0.0	357	0	0	16.8
2019-07-14 05:00	22.9	24.3	33.5	0.0	90.9	18.1	0.0	357	0	0	16.6
2019-07-14 05:30	22.7	24.0	33.5	0.0	91.0	18.1	0.0	357	1	0	16.6
2019-07-14 06:00	22.6	23.8	33.5	11.0	87.6	18.8	0.0	354	1	0	16.7
2019-07-14 06:30	22.6	23.7	33.5	55.0	82.1	20.2	0.0	312	4	0	17.0
2019-07-14 07:00	22.8	23.7	33.5	138.0	77.3	22.0	0.0	60	3	0	17.8
2019-07-14 07:30	23.2	23.7	33.4	210.0	75.7	23.1	0.0	323	6	0	18.6
2019-07-14 08:00	23.8	23.8	33.4	301.0	71.5	24.4	0.0	122	8	1	18.9
2019-07-14 08:30	25.8	24.3	33.4	387.0	68.6	25.6	0.0	152	8	1	19.4
2019-07-14 09:00	27.8	25.2	33.4	467.0	65.6	26.5	0.0	121	8	1	19.5
2019-07-14 09:30	29.8	26.1	33.6	556.0	62.9	27.6	0.0	96	9	1	19.9
2019-07-14 10:00	31.9	27.3	33.7	639.0	59.5	28.2	0.0	52	8	3	19.6
2019-07-14 10:30	33.8	28.6	33.9	689.0	57.1	28.9	0.0	62	9	1	19.6
2019-07-14 11:00	35.4	29.9	33.9	746.0	57.3	29.5	0.0	83	8	1	20.2
2019-07-14 11:30	36.9	31.1	33.8	814.0	56.4	30.1	0.0	80	9	1	20.5
2019-07-14 12:00	38.3	32.4	34.3	866.0	54.5	31.3	0.0	115	11	1	21.0
2019-07-14 12:30	39.6	33.6	34.4	896.0	53.4	31.8	0.0	138	9	1	21.2
2019-07-14 13:00	40.4	34.6	34.4	916.0	52.4	32.4	0.0	200	6	0	21.4
2019-07-14 13:30	41.5	35.6	34.6	911.0	51.2	33.1	0.0	170	6	0	21.7
2019-07-14 14:00	42.0	36.4	34.9	882.0	51.4	32.9	0.0	159	9	1	21.6
2019-07-14 14:30	42.2	37.1	35.0	897.0	49.0	33.7	0.0	177	6	0	21.5
2019-07-14 15:00	41.0	37.5	34.7	535.0	50.1	32.8	0.0	248	4	0	21.0
2019-07-14 15:30	41.1	37.3	34.5	659.0	47.7	33.7	0.0	224	4	0	21.1
2019-07-14 16:00	41.1	37.4	34.4	745.0	47.4	34.0	0.0	217	4	0	21.2
2019-07-14 16:30	41.2	37.6	34.4	599.0	47.0	34.1	0.0	122	4	0	21.2
2019-07-14 17:00	39.8	37.4	34.5	234.0	54.9	30.9	0.0	74	12	4	20.8
2019-07-14 17:30	36.2	36.4	34.7	30.0	59.2	28.9	0.0	70	12	3	20.1
2019-07-14 18:00	31.9	34.7	41.7	8.0	81.6	23.6	16.2	160	62	8	20.3
2019-07-14 18:30	27.1	31.1	49.4	100.0	95.6	20.8	3.0	240	11	1	20.1
2019-07-14 19:00	27.4	29.2	45.3	150.0	93.5	22.3	0.0	300	3	0	21.2
2019-07-14 19:30	27.6	28.8	42.0	94.0	93.3	22.7	0.0	297	6	1	21.6
2019-07-14 20:00	26.9	28.5	39.7	29.0	94.7	22.4	0.0	162	3	0	21.5
2019-07-14 20:30	26.5	28.1	38.2	4.0	96.0	22.3	0.0	59	8	0	21.6
2019-07-14 21:00	26.1	27.7	37.1	0.0	94.6	22.4	0.0	56	4	0	21.5
2019-07-14 21:30	25.7	27.3	36.4	0.0	94.4	22.6	0.0	64	3	0	21.7
2019-07-14 22:00	25.6	27.0	35.8	0.0	95.0	22.4	0.0	201	1	0	21.6
2019-07-14 22:30	25.3	26.8	35.4	0.0	95.5	22.1	0.0	358	3	0	21.3
2019-07-14 23:00	25.1	26.4	35.0	0.0	96.0	21.8	0.0	358	1	0	21.1
2019-07-14 23:30	24.8	26.2	34.9	0.0	97.3	21.1	0.0	358	0	0	20.7
2019-07-15 00:00	24.4	25.9	34.7	0.0	98.7	20.7	0.0	358	0	0	20.5
2019-07-15 00:30	24.2	25.6	34.4	0.0	99.2	20.5	0.0	358	1	0	20.4
2019-07-15 01:00	23.9	25.4	34.4	0.0	97.2	21.3	0.0	90	3	0	20.8
2019-07-15 01:30	23.8	25.2	34.3	0.0	93.6	22.0	0.0	114	4	0	20.9
2019-07-15 02:00	23.7	25.0	33.9	0.0	94.8	21.7	0.0	120	4	0	20.8
2019-07-15 02:30	23.6	24.8	33.8	0.0	95.5	21.4	0.0	115	3	0	20.7
2019-07-15 03:00	23.4	24.6	33.8	0.0	97.0	21.0	0.0	118	0	0	20.5
2019-07-15 03:30	23.3	24.5	33.9	0.0	97.2	21.0	0.0	115	1	0	20.5
2019-07-15 04:00	23.2	24.3	33.8	0.0	96.6	20.9	0.0	114	3	0	20.3
2019-07-15 04:30	23.1	24.2	33.7	0.0	97.6	20.7	0.0	110	3	0	20.3
2019-07-15 05:00	22.9	24.1	33.6	0.0	96.8	20.9	0.0	122	4	1	20.4
2019-07-15 05:30	22.7	23.9	33.5	0.0	96.5	21.1	0.0	128	6	0	20.5
2019-07-15 06:00	22.7	23.8	33.5	14.0	95.1	21.5	0.0	148	6	1	20.7
2019-07-15 06:30	22.8	23.7	33.5	71.0	90.9	22.3	0.0	168	9	1	20.7
2019-07-15 07:00	22.9	23.7	33.4	148.0	87.8	23.2	0.0	183	9	3	21.1
2019-07-15 07:30	23.4	23.8	33.4	155.0	85.8	23.3	0.0	179	11	4	20.8
2019-07-15 08:00	23.6	23.9	33.4	213.0	82.8	23.5	0.0	197	12	4	20.4
2019-07-15 08:30	24.7	24.2	33.4	391.0	77.6	24.8	0.0	193	16	6	20.6
2019-07-15 09:00	25.8	24.7	33.4	478.0	74.4	25.4	0.0	204	16	6	20.5
2019-07-15 09:30	26.7	25.3	33.4	568.0	72.0	25.9	0.0	211	14	8	20.5
2019-07-15 10:00	27.7	26.0	33.4	650.0	69.5	26.5	0.0	203	17	8	20.5
2019-07-15 10:30	28.6	26.7	33.5	722.0	67.2	27.4	0.0	207	14	6	20.8
2019-07-15 11:00	29.8	27.4	33.1	784.0	65.0	28.2	0.0	186	16	6	21.0
2019-07-15 11:30	31.1	28.1	33.0	834.0	62.5	28.6	0.0	179	16	8	20.7
2019-07-15 12:00	32.4	28.7	33.1	874.0	60.8	29.2	0.0	177	16	8	20.9
2019-07-15 12:30	33.8	29.7	33.0	896.0	59.3	29.8	0.0	179	17	6	21.0
2019-07-15 13:00	34.8	30.7	33.0	907.0	59.2	30.1	0.0	177	17	6	21.3
2019-07-15 13:30	35.6	31.6	32.9	908.0	57.9	30.4	0.0	172	17	8	21.2
2019-07-15 14:00	36.1	32.4	32.9	888.0	57.1	30.9	0.0	158	20	9	21.4
2019-07-15 14:30	36.4	33.0	32.9	858.0	54.6	31.1	0.0	148	22	11	20.9
2019-07-15 15:00	36.3	33.4	31.9	769.0	55.7	30.8	0.0	163	22	11	20.9
2019-07-15 15:30	36.5	33.4	31.9	690.0	55.6	30.7	0.0	165	25	12	20.8
2019-07-15 16:00	36.2	33.4	31.9	647.0	54.2	31.2	0.0	156	28	9	20.8
2019-07-15 16:30	36.4	33.4	31.9	631.0	54.1	31.1	0.0	155	27	14	20.7
2019-07-15 17:00	35.5	33.3	32.0	557.0	55.5	30.6	0.0	155	28	14	20.7
2019-07-15 17:30	34.9	33.0	31.7	468.0	56.9	30.2	0.0	156	35	14	20.7
2019-07-15 18:00	33.9	32.6	31.7	390.0	56.4	29.5	0.0	156	30	17	19.9
2019-07-15 18:30	32.9	32.1	31.5	320.0	55.0	29.3	0.0	152	30	14	19.3
2019-07-15 19:00	31.4	31.5	31.5	156.0	57.6	28.1	0.0	153	28	12	18.9
2019-07-15 19:30	30.0	30.7	31.3	135.0	58.5	27.6	0.0	162	27	9	18.7
2019-07-15 20:00	28.6	29.9	31.2	43.0	61.8	26.6	0.0	151	25	9	18.7
2019-07-15 20:30	27.5	29.1	30.9	8.0	64.5	25.4	0.0	153	17	6	18.2
2019-07-15 21:00	26.6	28.3	30.9	0.0	67.9	24.5	0.0	151	11	3	18.2
2019-07-15 21:30	25.9	27.7	30.9	0.0	73.0	23.4	0.0	141	8	0	18.3
2019-07-15 22:00	25.4	27.1	30.6	0.0	72.8	23.3	0.0	141	9	1	18.1
2019-07-15 22:30	24.9	26.6	30.4	0.0	71.2	23.4	0.0	152	11	3	17.9
2019-07-15 23:00	24.6	26.1	30.4	0.0	76.2	22.4	0.0	134	4	0	18.0
2019-07-15 23:30	24.3	25.8	30.2	0.0	78.8	21.8	0.0	134	3	0	18.0
2019-07-16 00:00	23.9	25.5	30.1	0.0	82.1	21.2	0.0	135	0	0	18.0
2019-07-16 00:30	23.8	25.2	30.1	0.0	89.7	20.5	0.0	135	0	0	18.7
2019-07-16 01:00	23.9	25.0	30.0	0.0	82.3	22.0	0.0	139	9	1	18.8
2019-07-16 01:30	23.8	24.9	29.8	0.0	77.5	22.8	0.0	135	17	4	18.7
2019-07-16 02:00	23.7	24.8	29.7	0.0	83.0	22.2	0.0	118	12	6	19.2
2019-07-16 02:30	23.7	24.7	29.4	0.0	89.6	21.3	0.0	122	8	1	19.5
2019-07-16 03:00	23.5	24.6	29.1	0.0	94.6	20.7	0.2	104	8	1	19.8
2019-07-16 03:30	23.4	24.4	28.9	0.0	95.1	20.9	0.0	104	3	0	20.1
2019-07-16 04:00	23.4	24.3	28.9	0.0	95.6	21.0	0.0	110	1	0	20.3
2019-07-16 04:30	23.4	24.3	28.9	0.0	96.2	21.1	0.0	94	1	0	20.5
2019-07-16 05:00	23.3	24.2	29.4	0.0	95.9	21.1	0.0	103	6	0	20.4
2019-07-16 05:30	23.1	24.1	29.0	0.0	96.1	21.1	0.0	104	9	1	20.5
2019-07-16 06:00	23.1	24.0	28.9	6.0	96.1	21.2	0.0	110	4	0	20.6
2019-07-16 06:30	23.1	23.9	28.9	12.0	94.3	21.4	0.0	91	9	0	20.4
2019-07-16 07:00	23.2	23.9	28.9	21.0	93.7	21.6	0.0	97	8	1	20.5
2019-07-16 07:30	23.3	23.9	29.0	55.0	93.4	21.8	0.0	110	11	3	20.7
2019-07-16 08:00	23.7	23.9	29.0	97.0	93.6	22.2	0.2	117	6	0	21.1
2019-07-16 08:30	24.3	24.2	29.3	146.0	92.3	22.6	0.0	112	19	6	21.3
2019-07-16 09:00	24.6	24.4	29.5	210.0	90.6	23.2	0.0	120	17	6	21.6
2019-07-16 09:30	25.6	24.7	29.5	259.0	88.5	24.1	0.0	132	12	4	22.1
2019-07-16 10:00	26.1	25.1	29.5	232.0	87.2	24.3	0.0	149	11	4	22.0
2019-07-16 10:30	26.2	25.4	29.5	188.0	86.9	24.5	0.0	162	11	3	22.2
2019-07-16 11:00	26.2	25.6	29.7	156.0	86.8	24.6	0.0	158	9	1	22.3
2019-07-16 11:30	27.0	25.7	29.8	362.0	82.9	25.8	0.0	160	8	1	22.7
2019-07-16 12:00	28.3	26.3	30.1	351.0	85.4	25.2	0.0	221	9	3	22.6
2019-07-16 12:30	30.5	26.9	29.8	684.0	79.8	26.8	0.2	252	4	0	23.0
2019-07-16 13:00	31.7	28.1	30.0	435.0	79.2	26.9	0.0	196	6	0	23.0
2019-07-16 13:30	31.0	28.6	30.4	210.0	82.5	25.9	0.0	153	4	0	22.7
2019-07-16 14:00	28.5	28.3	40.5	157.0	93.7	23.6	8.3	262	9	3	22.5
2019-07-16 14:30	29.3	27.7	43.5	667.0	88.3	25.4	0.0	334	6	1	23.3
2019-07-16 15:00	32.8	28.6	40.8	657.0	79.5	27.2	0.0	132	4	0	23.3
2019-07-16 15:30	32.9	29.6	39.7	683.0	79.2	27.3	0.0	117	6	1	23.4
2019-07-16 16:00	34.4	30.3	38.6	724.0	77.2	27.6	0.0	55	6	1	23.2
2019-07-16 16:30	34.9	31.2	38.1	585.0	76.9	27.7	0.0	63	8	1	23.3
2019-07-16 17:00	33.0	31.4	37.8	234.0	77.9	26.9	0.0	60	4	0	22.7
2019-07-16 17:30	31.3	30.8	37.8	149.0	78.1	27.0	0.0	22	3	0	22.9
2019-07-16 18:00	30.2	30.2	37.6	135.0	77.6	27.0	0.0	21	1	0	22.7
2019-07-16 18:30	30.2	29.7	37.1	254.0	75.6	27.5	0.0	35	3	0	22.8
2019-07-16 19:00	30.6	29.7	36.8	204.0	73.6	27.6	0.0	29	3	0	22.5
2019-07-16 19:30	29.5	29.5	36.8	95.0	78.3	26.7	0.0	160	4	0	22.6
2019-07-16 20:00	28.7	29.1	36.6	78.0	80.1	26.6	0.0	22	3	0	22.9
2019-07-16 20:30	27.9	28.6	36.4	9.0	86.3	25.6	0.0	25	0	0	23.1
2019-07-16 21:00	27.3	28.1	36.4	0.0	91.4	24.6	0.0	25	0	0	23.1
2019-07-16 21:30	26.7	27.7	36.4	0.0	95.1	23.8	0.0	25	0	0	23.0
2019-07-16 22:00	26.2	27.2	36.3	0.0	95.3	23.1	0.0	63	0	0	22.3
2019-07-16 22:30	25.9	26.9	36.0	0.0	95.6	23.4	0.0	69	0	0	22.7
2019-07-16 23:00	25.7	26.6	35.8	0.0	96.6	23.2	0.0	69	0	0	22.6
2019-07-16 23:30	25.2	26.3	35.8	0.0	97.5	22.7	0.0	69	1	0	22.3
2019-07-17 00:00	24.8	26.0	35.8	0.0	97.8	21.8	0.0	69	1	0	21.4
2019-07-17 00:30	24.4	25.7	35.8	0.0	98.8	21.6	0.0	69	0	0	21.4
2019-07-17 01:00	24.1	25.4	35.8	0.0	99.2	21.3	0.0	70	0	0	21.2
2019-07-17 01:30	23.8	25.1	35.7	0.0	99.5	21.4	0.0	69	0	0	21.3
2019-07-17 02:00	23.7	24.9	35.4	0.0	99.5	21.4	0.0	69	0	0	21.3
2019-07-17 02:30	23.4	24.7	35.3	0.0	99.6	21.2	0.0	69	0	0	21.1
2019-07-17 03:00	23.2	24.5	35.3	0.0	99.7	21.1	0.0	69	0	0	21.1
2019-07-17 03:30	23.0	24.3	35.3	0.0	99.7	20.8	0.0	70	0	0	20.8
2019-07-17 04:00	22.8	24.1	35.3	0.0	99.7	20.4	0.0	69	0	0	20.4
2019-07-17 04:30	22.7	23.9	35.0	0.0	99.7	20.6	0.0	69	0	0	20.6
2019-07-17 05:00	22.6	23.8	35.0	0.0	99.7	20.4	0.0	69	0	0	20.4
2019-07-17 05:30	22.6	23.7	35.2	0.0	99.7	20.9	0.0	53	1	0	20.9
2019-07-17 06:00	22.7	23.6	35.2	15.0	99.5	21.4	0.0	38	0	0	21.3
2019-07-17 06:30	22.9	23.6	35.2	91.0	96.1	22.6	0.0	135	1	0	21.9
2019-07-17 07:00	23.2	23.7	35.2	71.0	93.3	23.2	0.0	279	3	0	22.1
2019-07-17 07:30	23.6	23.8	35.2	152.0	91.8	23.8	0.0	297	3	0	22.4
2019-07-17 08:00	24.7	23.9	35.2	227.0	86.9	24.9	0.0	279	4	0	22.6
2019-07-17 08:30	26.0	24.4	35.2	369.0	81.9	26.0	0.0	286	4	1	22.7
2019-07-17 09:00	28.0	25.1	35.2	428.0	77.5	27.1	0.0	297	4	0	22.8
2019-07-17 09:30	29.2	25.9	35.7	551.0	75.0	28.0	0.0	282	6	0	23.2
2019-07-17 10:00	31.0	26.8	35.6	643.0	72.1	29.1	0.0	271	4	0	23.6
2019-07-17 10:30	32.6	27.9	35.6	715.0	67.3	30.3	0.0	206	3	0	23.6
2019-07-17 11:00	34.1	28.9	35.8	804.0	62.9	31.2	0.0	176	4	0	23.3
2019-07-17 11:30	35.7	29.9	36.0	891.0	60.9	31.9	0.0	142	9	1	23.4
2019-07-17 12:00	36.9	30.9	35.8	783.0	60.7	31.4	0.0	87	6	0	22.9
2019-07-17 12:30	38.1	31.9	35.8	609.0	58.8	31.7	0.0	120	6	0	22.6
2019-07-17 13:00	38.3	32.6	35.7	997.0	57.5	32.5	0.0	138	8	1	23.0
2019-07-17 13:30	39.7	33.6	36.0	693.0	58.6	32.2	0.0	173	8	1	23.1
2019-07-17 14:00	38.2	34.0	36.4	431.0	63.2	30.6	0.0	214	8	1	22.8
2019-07-17 14:30	38.7	33.9	35.7	794.0	58.8	32.2	0.0	182	9	3	23.1
2019-07-17 15:00	40.4	34.6	35.8	876.0	57.0	32.7	0.0	186	9	3	23.1
2019-07-17 15:30	41.7	35.5	36.1	817.0	54.1	33.4	0.0	193	8	1	22.9
2019-07-17 16:00	41.3	36.1	36.3	745.0	56.8	32.7	0.0	192	11	3	23.0
2019-07-17 16:30	41.0	36.3	36.3	524.0	57.3	32.3	0.0	176	12	4	22.8
2019-07-17 17:00	38.9	36.1	36.1	465.0	60.6	31.4	0.0	175	14	6	22.9
2019-07-17 17:30	37.7	35.6	35.8	282.0	63.2	30.5	0.0	183	12	4	22.7
2019-07-17 18:00	35.7	34.8	36.1	191.0	65.7	29.6	0.0	189	14	6	22.5
2019-07-17 18:30	34.3	33.8	35.7	142.0	66.9	29.3	0.0	176	9	3	22.5
2019-07-17 19:00	33.1	33.0	35.6	95.0	67.7	29.0	0.0	163	6	0	22.4
2019-07-17 19:30	32.2	32.3	35.3	72.0	72.3	28.1	0.0	64	9	0	22.6
2019-07-17 20:00	31.1	31.6	35.4	27.0	77.1	26.3	0.0	107	6	0	22.0
2019-07-17 20:30	30.0	30.9	34.7	6.0	80.4	25.6	0.0	49	6	0	22.0
2019-07-17 21:00	29.3	30.2	34.7	0.0	80.1	25.5	0.0	49	6	0	21.8
2019-07-17 21:30	28.8	29.7	34.3	0.0	79.1	25.7	0.0	72	4	0	21.8
2019-07-17 22:00	28.3	29.2	34.3	0.0	82.1	25.3	0.0	63	1	0	22.0
2019-07-17 22:30	27.8	28.8	34.1	0.0	87.2	24.4	0.0	60	1	0	22.1
2019-07-17 23:00	27.2	28.4	33.7	0.0	92.5	23.3	0.0	56	0	0	22.0
2019-07-17 23:30	26.8	27.9	33.8	0.0	94.0	23.2	0.0	56	0	0	22.2
2019-07-18 00:00	26.4	27.6	33.6	0.0	94.6	22.8	0.0	56	0	0	21.9
2019-07-18 00:30	25.9	27.2	33.4	0.0	96.8	21.9	0.0	56	0	0	21.4
2019-07-18 01:00	25.6	26.9	33.4	0.0	97.5	21.7	0.0	56	0	0	21.3
2019-07-18 01:30	25.3	26.6	33.1	0.0	97.9	21.6	0.0	56	0	0	21.3
2019-07-18 02:00	25.1	26.3	32.8	0.0	96.8	22.3	0.0	67	1	0	21.8
2019-07-18 02:30	24.8	26.1	32.8	0.0	92.3	23.3	0.0	144	4	0	22.0
2019-07-18 03:00	24.7	25.8	32.8	0.0	91.2	23.3	0.0	166	9	1	21.8
2019-07-18 03:30	24.4	25.6	32.8	0.0	92.3	22.8	0.0	156	6	0	21.5
2019-07-18 04:00	24.2	25.4	32.8	0.0	93.7	22.5	0.0	148	4	0	21.4
2019-07-18 04:30	24.1	25.2	32.6	0.0	94.8	22.1	0.0	124	1	0	21.2
2019-07-18 05:00	23.9	25.1	32.1	0.0	94.4	22.0	0.0	148	1	0	21.1
2019-07-18 05:30	23.8	24.9	32.1	1.0	94.9	22.1	0.0	111	3	0	21.2
2019-07-18 06:00	23.9	24.8	32.1	13.0	93.5	22.4	0.0	115	8	1	21.3
2019-07-18 06:30	24.1	24.8	32.1	20.0	89.6	22.9	0.0	118	14	4	21.1
2019-07-18 07:00	24.1	24.8	32.1	20.0	89.8	22.9	0.0	111	16	4	21.1
2019-07-18 07:30	24.4	24.8	32.1	32.0	89.2	23.3	0.0	118	9	0	21.4
2019-07-18 08:00	24.2	24.8	32.1	2.0	85.6	23.4	0.0	271	22	6	20.8
2019-07-18 08:30	23.9	24.7	36.1	0.0	91.2	22.3	11.4	266	16	1	20.8
2019-07-18 09:00	23.2	24.3	47.3	1.0	98.3	21.3	9.6	127	8	3	21.0
2019-07-18 09:30	23.0	23.8	47.5	3.0	98.3	21.3	7.3	101	11	1	21.0
2019-07-18 10:00	23.1	23.7	47.3	31.0	98.1	21.5	1.7	118	8	0	21.2
2019-07-18 10:30	23.4	23.8	46.4	80.0	97.3	21.8	0.0	83	9	1	21.4
2019-07-18 11:00	24.1	24.0	45.8	83.0	96.9	22.1	0.2	97	6	1	21.6
2019-07-18 11:30	23.9	24.2	47.2	47.0	97.6	21.9	5.5	297	12	3	21.5
2019-07-18 12:00	24.1	24.2	48.2	183.0	97.1	22.2	0.5	74	16	6	21.7
2019-07-18 12:30	26.7	24.6	47.3	661.0	91.9	23.9	0.0	73	19	6	22.5
2019-07-18 13:00	29.6	26.1	47.1	546.0	87.4	25.0	0.0	104	20	9	22.8
2019-07-18 13:30	30.3	27.1	46.4	866.0	81.7	26.0	0.0	112	30	12	22.6
2019-07-18 14:00	31.7	28.0	46.1	882.0	80.1	26.6	0.0	118	25	14	22.9
2019-07-18 14:30	32.1	28.8	45.5	853.0	79.2	26.6	0.0	114	38	16	22.7
2019-07-18 15:00	32.4	29.3	45.2	797.0	78.6	27.3	0.0	114	30	14	23.3
2019-07-18 15:30	32.4	29.7	44.4	760.0	77.8	28.1	0.0	122	27	16	23.9
2019-07-18 16:00	32.3	29.9	44.1	676.0	77.2	28.7	0.0	129	30	14	24.3
2019-07-18 16:30	32.3	30.1	44.0	624.0	76.3	29.6	0.0	135	25	12	25.0
2019-07-18 17:00	32.1	30.2	43.5	498.0	75.9	29.9	0.0	134	25	12	25.2
2019-07-18 17:30	31.9	30.2	43.5	423.0	75.8	30.4	0.0	129	20	9	25.6
2019-07-18 18:00	31.2	30.1	43.5	203.0	78.2	30.0	0.0	148	16	6	25.8
2019-07-18 18:30	30.2	29.7	43.7	114.0	80.9	29.8	0.0	166	8	1	26.2
2019-07-18 19:00	29.8	29.4	43.2	104.0	82.4	29.8	0.0	192	6	0	26.5
2019-07-18 19:30	29.5	29.2	43.2	68.0	82.6	29.8	0.0	165	6	1	26.5
2019-07-18 20:00	28.7	28.8	42.9	54.0	80.4	29.5	0.0	162	11	3	25.8
2019-07-18 20:30	28.0	28.4	43.0	7.0	82.6	28.7	0.0	159	8	3	25.4
2019-07-18 21:00	27.4	27.9	42.8	0.0	84.2	28.2	0.0	160	9	3	25.3
2019-07-18 21:30	27.1	27.6	42.6	0.0	85.8	27.9	0.0	168	11	3	25.3
2019-07-18 22:00	26.8	27.3	42.6	0.0	88.1	27.5	0.0	168	8	1	25.4
2019-07-18 22:30	26.7	27.1	42.6	0.0	88.2	27.5	0.0	163	8	3	25.4
2019-07-18 23:00	26.5	26.9	42.8	0.0	86.6	27.7	0.0	153	20	4	25.3
2019-07-18 23:30	26.3	26.8	42.8	0.0	85.7	27.6	0.0	159	16	4	25.0
2019-07-19 00:00	26.2	26.6	42.8	0.0	86.4	27.3	0.0	141	11	3	24.8
2019-07-19 00:30	26.0	26.4	42.8	0.0	88.3	26.9	0.0	144	9	3	24.8
2019-07-19 01:00	25.9	26.3	42.8	0.0	88.5	26.7	0.0	139	12	4	24.6
2019-07-19 01:30	25.7	26.2	42.8	0.0	90.8	26.1	0.0	134	9	3	24.5
2019-07-19 02:00	25.6	26.1	42.6	0.0	91.2	26.0	0.0	142	11	3	24.5
2019-07-19 02:30	25.4	25.9	42.6	0.0	91.1	26.0	0.0	144	9	3	24.4
2019-07-19 03:00	25.4	25.8	42.4	0.0	91.6	25.9	0.0	138	9	1	24.4
2019-07-19 03:30	25.3	25.8	42.3	0.0	91.4	25.9	0.0	136	11	3	24.4
2019-07-19 04:00	25.3	25.7	42.1	0.0	90.5	26.1	0.0	148	9	3	24.4
2019-07-19 04:30	25.3	25.6	42.1	0.0	89.7	26.1	0.0	152	9	3	24.3
2019-07-19 05:00	25.2	25.6	42.1	0.0	90.3	25.9	0.0	149	12	4	24.2
2019-07-19 05:30	25.1	25.5	42.1	0.0	90.5	25.7	0.0	148	9	3	24.0
2019-07-19 06:00	25.1	25.4	42.1	5.0	89.9	25.8	0.0	153	11	4	24.0
2019-07-19 06:30	25.2	25.4	42.0	27.0	89.2	25.9	0.0	155	9	3	24.0
2019-07-19 07:00	25.5	25.4	42.0	60.0	88.6	26.1	0.0	172	6	0	24.1
2019-07-19 07:30	25.9	25.6	42.0	113.0	87.1	26.5	0.0	155	8	1	24.2
2019-07-19 08:00	26.4	25.8	42.0	154.0	85.4	26.9	0.0	158	11	3	24.2
2019-07-19 08:30	26.7	26.0	42.0	180.0	83.8	27.1	0.0	158	14	6	24.1
2019-07-19 09:00	27.1	26.2	42.0	236.0	82.4	27.4	0.0	158	17	6	24.1
2019-07-19 09:30	27.8	26.4	42.0	347.0	80.3	28.1	0.0	162	16	8	24.4
2019-07-19 10:00	29.2	26.8	41.9	523.0	77.5	29.4	0.0	163	19	8	25.1
2019-07-19 10:30	30.3	27.5	41.9	628.0	76.0	29.6	0.0	180	22	9	24.9
2019-07-19 11:00	31.7	28.2	41.9	704.0	75.1	30.4	0.0	182	16	8	25.5
2019-07-19 11:30	32.6	28.9	42.1	637.0	74.9	30.4	0.0	194	16	6	25.4
2019-07-19 12:00	33.1	29.5	41.9	723.0	74.0	30.8	0.0	192	14	6	25.6
2019-07-19 12:30	34.8	30.1	41.6	871.0	72.3	31.7	0.0	184	14	6	26.1
2019-07-19 13:00	36.5	30.9	41.7	742.0	72.1	31.8	0.0	183	14	6	26.1
2019-07-19 13:30	37.4	31.8	41.7	665.0	72.0	32.2	0.0	183	12	4	26.5
2019-07-19 14:00	38.1	32.4	41.6	805.0	70.8	32.7	0.0	175	17	6	26.7
2019-07-19 14:30	38.4	33.2	41.9	653.0	70.5	32.6	0.0	172	16	6	26.5
2019-07-19 15:00	38.3	33.6	41.9	533.0	69.8	32.8	0.0	163	16	6	26.6
2019-07-19 15:30	37.7	33.7	42.0	460.0	70.4	32.7	0.0	162	16	4	26.6
2019-07-19 16:00	37.9	33.8	41.4	557.0	69.7	33.0	0.0	159	14	8	26.7
2019-07-19 16:30	37.2	33.9	41.6	475.0	69.7	32.9	0.0	155	17	6	26.6
2019-07-19 17:00	37.9	34.0	41.2	532.0	68.3	33.6	0.0	156	17	6	26.9
2019-07-19 17:30	37.3	34.2	41.6	385.0	68.9	33.1	0.0	152	16	8	26.6
2019-07-19 18:00	35.9	33.9	41.7	289.0	70.2	32.7	0.0	152	19	8	26.6
2019-07-19 18:30	35.6	33.6	41.6	286.0	69.6	32.8	0.0	153	17	8	26.5
2019-07-19 19:00	34.4	33.2	41.6	192.0	71.0	32.2	0.0	159	19	9	26.3
2019-07-19 19:30	33.1	32.7	41.4	117.0	72.3	31.7	0.0	158	22	9	26.1
2019-07-19 20:00	31.7	32.0	41.6	52.0	75.3	31.0	0.0	159	16	6	26.1
2019-07-19 20:30	30.7	31.3	41.7	7.0	77.0	30.2	0.0	162	19	8	25.7
2019-07-19 21:00	29.9	30.6	41.1	0.0	77.1	29.9	0.0	158	22	6	25.4
2019-07-19 21:30	29.4	30.0	41.0	0.0	78.1	29.5	0.0	152	16	4	25.3
2019-07-19 22:00	28.9	29.6	40.5	0.0	78.9	29.2	0.0	145	19	6	25.2
2019-07-19 22:30	28.4	29.1	40.5	0.0	80.6	28.8	0.0	146	12	4	25.1
2019-07-19 23:00	28.1	28.7	40.5	0.0	79.1	28.7	0.0	151	17	8	24.7
2019-07-19 23:30	27.8	28.4	40.3	0.0	82.3	27.9	0.0	139	11	4	24.6
2019-07-20 00:00	27.5	28.2	40.0	0.0	85.2	27.5	0.0	138	12	4	24.8
2019-07-20 00:30	27.3	27.9	40.0	0.0	86.0	27.4	0.0	142	14	4	24.8
2019-07-20 01:00	27.1	27.7	40.0	0.0	86.0	27.2	0.0	136	16	4	24.7
2019-07-20 01:30	26.9	27.5	40.0	0.0	86.1	26.9	0.0	139	14	6	24.4
2019-07-20 02:00	26.7	27.3	40.0	0.0	86.5	26.8	0.0	149	16	4	24.4
2019-07-20 02:30	26.6	27.1	39.8	0.0	87.0	26.6	0.0	145	11	4	24.3
2019-07-20 03:00	26.3	26.9	39.5	0.0	88.5	26.2	0.0	125	8	1	24.1
2019-07-20 03:30	26.2	26.8	39.5	0.0	89.9	25.7	0.0	86	3	0	23.9
2019-07-20 04:00	26.1	26.7	39.3	0.0	90.0	25.7	0.0	96	4	0	23.9
2019-07-20 04:30	26.0	26.6	39.3	0.0	89.9	25.8	0.0	128	11	1	24.0
2019-07-20 05:00	26.1	26.5	39.3	0.0	83.8	25.5	0.0	108	16	4	22.6
2019-07-20 05:30	25.8	26.4	39.3	0.0	82.1	24.5	0.0	73	16	3	21.2
2019-07-20 06:00	25.6	26.2	39.3	3.0	81.2	24.3	0.0	70	16	4	20.9
2019-07-20 06:30	25.5	26.1	39.2	42.0	80.6	24.5	0.0	81	19	4	20.9
2019-07-20 07:00	25.6	26.1	38.9	73.0	81.6	24.7	0.0	90	8	1	21.3
2019-07-20 07:30	25.9	26.1	38.8	115.0	82.4	25.5	0.0	98	8	1	22.3
2019-07-20 08:00	26.4	26.2	38.8	163.0	84.6	26.6	0.0	120	16	4	23.8
2019-07-20 08:30	27.2	26.3	38.8	275.0	83.4	27.7	0.0	128	16	8	24.6
2019-07-20 09:00	29.0	26.6	38.6	438.0	80.3	28.8	0.0	134	19	8	25.1
2019-07-20 09:30	30.7	27.2	38.8	519.0	78.3	29.5	0.0	139	16	8	25.3
2019-07-20 10:00	32.4	28.1	39.1	597.0	77.1	30.1	0.0	148	17	6	25.6
2019-07-20 10:30	34.0	29.1	38.9	645.0	76.3	30.6	0.0	158	14	6	25.9
2019-07-20 11:00	35.9	30.2	38.9	738.0	74.2	31.4	0.0	163	14	6	26.2
2019-07-20 11:30	37.3	31.3	39.2	772.0	73.7	31.8	0.0	169	12	6	26.5
2019-07-20 12:00	38.6	32.4	38.9	819.0	72.2	32.4	0.0	155	14	8	26.7
2019-07-20 12:30	39.8	33.4	39.2	871.0	70.3	32.8	0.0	166	22	9	26.7
2019-07-20 13:00	40.7	34.4	39.7	870.0	69.5	32.8	0.0	173	20	11	26.5
2019-07-20 13:30	40.9	35.1	39.7	741.0	69.1	32.8	0.0	177	22	9	26.4
2019-07-20 14:00	41.4	35.6	39.7	838.0	66.9	33.6	0.0	170	22	11	26.6
2019-07-20 14:30	41.5	36.1	39.7	852.0	66.9	33.2	0.0	187	27	11	26.2
2019-07-20 15:00	41.6	36.4	39.5	692.0	66.7	33.3	0.0	177	20	9	26.3
2019-07-20 15:30	40.6	36.5	39.5	578.0	66.5	33.1	0.0	182	19	8	26.0
2019-07-20 16:00	40.3	36.4	39.5	631.0	63.6	33.5	0.0	165	20	8	25.6
2019-07-20 16:30	40.1	36.4	39.5	522.0	63.4	32.9	0.0	194	17	8	25.0
2019-07-20 17:00	39.6	36.3	39.2	410.0	64.9	31.8	0.0	231	35	9	24.4
2019-07-20 17:30	37.2	35.7	39.8	397.0	74.9	25.9	0.0	312	24	11	21.1
2019-07-20 18:00	37.1	35.1	39.5	375.0	74.0	26.6	0.0	207	11	3	21.6
2019-07-20 18:30	36.1	34.7	39.3	247.0	73.8	26.7	0.0	144	6	1	21.6
2019-07-20 19:00	34.8	34.2	39.1	169.0	74.9	26.6	0.0	120	4	0	21.8
2019-07-20 19:30	33.2	33.6	39.1	117.0	80.2	25.6	0.0	74	6	0	21.9
2019-07-20 20:00	31.5	32.8	39.2	35.0	81.8	24.9	0.0	74	3	0	21.6
2019-07-20 20:30	30.3	31.8	38.6	3.0	82.1	24.7	0.0	81	9	0	21.4
2019-07-20 21:00	29.3	31.0	38.6	0.0	81.0	24.7	0.0	101	6	0	21.2
2019-07-20 21:30	28.6	30.2	38.3	0.0	81.5	24.6	0.0	111	9	1	21.2
2019-07-20 22:00	28.0	29.6	38.2	0.0	82.2	24.4	0.0	120	6	1	21.2
2019-07-20 22:30	27.6	29.1	38.1	0.0	84.4	23.8	0.0	138	3	0	21.0
2019-07-20 23:00	27.3	28.6	38.0	0.0	87.9	23.4	0.0	194	1	0	21.3
2019-07-20 23:30	27.1	28.3	37.6	0.0	90.9	23.2	0.0	251	1	0	21.6
2019-07-21 00:00	26.8	27.9	37.6	0.0	89.2	23.2	0.0	227	6	0	21.3
2019-07-21 00:30	26.6	27.7	37.6	0.0	88.6	23.6	0.0	323	4	0	21.6
2019-07-21 01:00	26.4	27.4	37.2	0.0	89.4	23.4	0.0	275	9	0	21.6
2019-07-21 01:30	26.2	27.2	37.1	0.0	88.6	23.5	0.0	316	9	1	21.5
2019-07-21 02:00	26.1	27.0	37.1	0.0	89.2	23.3	0.0	314	8	1	21.4
2019-07-21 02:30	25.8	26.8	37.1	0.0	90.2	22.6	0.0	247	12	4	20.9
2019-07-21 03:00	25.4	26.6	37.0	0.0	90.6	21.7	0.0	286	14	3	20.1
2019-07-21 03:30	25.2	26.3	36.6	0.0	89.0	21.5	0.0	197	12	1	19.6
2019-07-21 04:00	25.1	26.1	36.5	0.0	88.4	21.4	0.0	326	9	3	19.4
2019-07-21 04:30	24.9	25.9	36.5	0.0	87.9	21.3	0.0	312	14	4	19.2
2019-07-21 05:00	24.7	25.8	36.6	0.0	88.3	21.1	0.0	295	14	4	19.1
2019-07-21 05:30	24.6	25.6	36.5	0.0	88.7	20.9	0.0	160	11	4	19.0
2019-07-21 06:00	24.5	25.4	36.3	1.0	89.1	20.9	0.0	98	14	3	19.0
2019-07-21 06:30	24.5	25.3	36.1	15.0	88.3	21.2	0.0	138	11	1	19.2
2019-07-21 07:00	24.6	25.3	36.0	54.0	87.8	21.4	0.0	159	6	0	19.3
2019-07-21 07:30	24.8	25.3	36.1	63.0	87.3	21.6	0.0	213	8	1	19.4
2019-07-21 08:00	25.2	25.3	36.0	158.0	86.4	22.2	0.0	333	8	1	19.8
2019-07-21 08:30	25.9	25.5	36.0	204.0	85.1	22.6	0.0	295	8	1	20.0
2019-07-21 09:00	26.8	25.8	36.0	187.0	86.0	22.5	0.0	340	9	3	20.0
2019-07-21 09:30	26.9	26.1	36.0	150.0	86.4	22.4	0.0	324	11	3	20.0
2019-07-21 10:00	26.1	26.2	36.6	80.0	93.0	21.3	3.0	326	9	1	20.1
2019-07-21 10:30	25.4	25.8	42.1	65.0	95.4	21.3	1.0	336	4	0	20.5
2019-07-21 11:00	25.7	25.7	44.1	191.0	93.6	21.8	0.2	306	8	1	20.7
2019-07-21 11:30	26.4	25.8	45.2	263.0	93.0	22.1	0.2	328	9	3	20.9
2019-07-21 12:00	27.7	26.3	45.0	388.0	89.8	22.7	0.0	324	17	4	20.9
2019-07-21 12:30	28.6	26.8	44.9	418.0	84.4	23.8	0.0	330	14	3	21.0
2019-07-21 13:00	28.8	27.2	44.0	352.0	82.8	23.9	0.0	321	12	4	20.8
2019-07-21 13:30	28.4	27.4	43.2	296.0	81.1	24.2	0.0	317	12	4	20.8
2019-07-21 14:00	28.8	27.4	42.1	374.0	78.4	25.1	0.0	327	11	3	21.1
2019-07-21 14:30	28.9	27.6	41.9	259.0	77.7	25.1	0.0	328	11	3	20.9
2019-07-21 15:00	29.3	27.6	41.4	434.0	73.5	26.2	0.0	293	9	1	21.1
2019-07-21 15:30	29.6	27.9	41.4	339.0	74.7	25.7	0.0	313	11	4	20.9
2019-07-21 16:00	29.9	28.2	41.2	424.0	73.6	25.9	0.0	289	17	6	20.8
2019-07-21 16:30	30.7	28.4	40.8	593.0	67.7	26.2	0.0	296	17	6	19.8
2019-07-21 17:00	30.3	28.8	40.8	308.0	63.2	25.4	0.0	286	16	6	17.9
2019-07-21 17:30	29.6	28.6	40.5	416.0	60.8	25.7	0.0	328	17	6	17.6
2019-07-21 18:00	29.7	28.6	40.2	349.0	52.8	25.4	0.0	323	17	6	15.1
2019-07-21 18:30	27.6	28.2	40.2	119.0	53.7	23.5	0.0	320	12	3	13.6
2019-07-21 19:00	26.1	27.3	39.8	53.0	57.0	22.8	0.0	319	8	1	13.8
2019-07-21 19:30	25.4	26.6	39.7	40.0	61.9	22.3	0.0	317	3	0	14.6
2019-07-21 20:00	24.8	26.1	39.3	13.0	66.8	21.7	0.0	336	3	0	15.3
2019-07-21 20:30	24.2	25.7	39.2	2.0	73.0	20.6	0.0	337	3	0	15.6
2019-07-21 21:00	23.5	25.2	39.2	0.0	76.1	19.4	0.0	337	1	0	15.1
2019-07-21 21:30	22.9	24.7	39.2	0.0	78.3	19.1	0.0	337	1	0	15.2
2019-07-21 22:00	22.7	24.4	38.9	0.0	76.7	19.3	0.0	337	3	0	15.1
2019-07-21 22:30	22.3	24.1	38.9	0.0	81.1	18.2	0.0	337	1	0	14.9
2019-07-21 23:00	22.1	23.7	38.9	0.0	82.4	18.3	0.0	337	0	0	15.2
2019-07-21 23:30	21.9	23.5	38.9	0.0	81.4	18.4	0.0	326	4	0	15.2
2019-07-22 00:00	21.8	23.3	38.8	0.0	80.2	18.5	0.0	309	3	0	15.0
2019-07-22 00:30	21.6	23.1	38.5	0.0	79.3	18.5	0.0	304	3	0	14.8
2019-07-22 01:00	21.3	22.9	38.3	0.0	80.4	18.2	0.0	316	3	0	14.8
2019-07-22 01:30	21.1	22.7	38.3	0.0	82.1	17.9	0.0	313	4	0	14.8
2019-07-22 02:00	20.9	22.4	38.2	0.0	80.5	18.2	0.0	314	3	0	14.8
2019-07-22 02:30	20.7	22.3	38.3	0.0	82.7	17.9	0.0	324	3	0	14.9
2019-07-22 03:00	20.6	22.1	38.0	0.0	85.2	17.6	0.0	326	3	0	15.1
2019-07-22 03:30	20.3	21.9	37.8	0.0	86.7	17.1	0.0	328	3	0	14.9
2019-07-22 04:00	20.2	21.8	37.5	0.0	84.3	17.7	0.0	326	8	1	15.0
2019-07-22 04:30	20.0	21.6	37.5	0.0	85.0	17.7	0.0	327	9	1	15.1
2019-07-22 05:00	19.8	21.4	37.5	0.0	88.8	17.2	0.0	320	6	0	15.3
2019-07-22 05:30	19.7	21.3	37.5	0.0	89.8	17.1	0.0	324	6	0	15.4
2019-07-22 06:00	19.5	21.1	37.5	10.0	90.2	17.1	0.0	326	8	1	15.5
2019-07-22 06:30	19.5	20.9	37.2	46.0	88.1	17.5	0.0	331	11	3	15.5
2019-07-22 07:00	19.7	20.9	37.0	132.0	82.7	18.5	0.0	330	11	3	15.5
2019-07-22 07:30	20.1	20.9	37.0	169.0	78.0	19.1	0.0	334	12	4	15.2
2019-07-22 08:00	20.5	21.0	37.0	259.0	73.8	19.9	0.0	326	16	6	15.1
2019-07-22 08:30	21.3	21.1	37.0	290.0	71.3	20.2	0.0	319	19	8	14.8
2019-07-22 09:00	22.3	21.4	37.0	316.0	71.2	20.2	0.0	330	17	6	14.8
2019-07-22 09:30	23.4	21.9	37.1	391.0	68.6	20.7	0.0	324	19	8	14.7
2019-07-22 10:00	24.8	22.5	37.0	595.0	60.5	21.8	0.0	320	16	6	13.8
2019-07-22 10:30	27.0	23.3	37.4	644.0	58.4	22.3	0.0	326	16	8	13.7
2019-07-22 11:00	29.1	24.3	37.5	809.0	58.5	22.8	0.0	326	16	8	14.2
2019-07-22 11:30	30.7	25.5	37.5	742.0	58.6	22.9	0.0	328	17	8	14.4
2019-07-22 12:00	32.8	26.7	37.8	882.0	55.9	23.5	0.0	320	17	8	14.2
2019-07-22 12:30	34.7	27.9	38.1	911.0	53.8	23.9	0.0	320	17	8	14.0
2019-07-22 13:00	36.1	29.1	38.1	927.0	50.1	24.1	0.0	317	20	9	13.1
2019-07-22 13:30	37.1	30.2	38.3	929.0	48.8	24.2	0.0	321	17	8	12.7
2019-07-22 14:00	38.1	31.1	38.6	917.0	47.3	24.6	0.0	324	20	8	12.6
2019-07-22 14:30	38.8	31.9	38.6	893.0	47.0	24.9	0.0	326	17	6	12.8
2019-07-22 15:00	39.1	32.7	38.5	858.0	46.8	24.9	0.0	312	17	6	12.7
2019-07-22 15:30	38.8	33.1	38.6	756.0	46.2	24.7	0.0	319	20	6	12.4
2019-07-22 16:00	38.3	33.3	38.6	600.0	47.9	24.5	0.0	314	14	4	12.7
2019-07-22 16:30	36.6	33.1	38.9	476.0	49.0	24.1	0.0	317	16	4	12.7
2019-07-22 17:00	35.2	32.5	38.8	454.0	49.1	24.1	0.0	317	16	4	12.7
2019-07-22 17:30	32.9	31.8	38.9	158.0	52.1	22.4	0.0	323	14	6	12.1
2019-07-22 18:00	31.8	30.8	38.5	368.0	49.4	23.5	0.0	304	17	4	12.3
2019-07-22 18:30	31.2	30.3	38.2	217.0	49.8	22.8	0.0	320	12	4	11.8
2019-07-22 19:00	29.7	29.6	36.8	153.0	54.0	22.3	0.0	309	14	3	12.5
2019-07-22 19:30	28.0	28.9	36.6	112.0	59.5	21.4	0.0	258	6	0	13.2
2019-07-22 20:00	26.4	28.0	36.5	53.0	65.1	20.2	0.0	343	4	0	13.4
2019-07-22 20:30	25.1	27.1	36.0	6.0	76.1	17.9	0.0	336	0	0	13.6
2019-07-22 21:00	23.8	26.2	35.8	0.0	90.8	15.4	0.0	336	0	0	13.9
2019-07-22 21:30	22.9	25.4	35.4	0.0	94.3	14.5	0.0	336	0	0	13.6
2019-07-22 22:00	22.1	24.7	35.3	0.0	94.7	13.9	0.0	336	0	0	13.1
2019-07-22 22:30	21.4	24.0	35.2	0.0	96.4	13.4	0.0	336	0	0	12.8
2019-07-22 23:00	20.8	23.4	34.6	0.0	96.7	13.4	0.0	336	0	0	12.9
2019-07-22 23:30	20.3	22.9	34.3	0.0	97.6	12.6	0.0	336	0	0	12.2
2019-07-23 00:00	19.9	22.4	34.1	0.0	98.1	12.4	0.0	336	0	0	12.1
2019-07-23 00:30	19.4	22.0	33.7	0.0	98.2	12.6	0.0	336	0	0	12.3
2019-07-23 01:00	19.1	21.6	33.7	0.0	96.7	12.7	0.0	336	0	0	12.2
2019-07-23 01:30	18.8	21.2	33.7	0.0	95.9	12.4	0.0	336	0	0	11.8
2019-07-23 02:00	18.6	20.9	33.5	0.0	95.4	12.4	0.0	336	0	0	11.7
2019-07-23 02:30	18.4	20.7	33.5	0.0	95.0	12.7	0.0	336	0	0	11.9
2019-07-23 03:00	18.3	20.5	33.5	0.0	94.1	12.8	0.0	336	0	0	11.9
2019-07-23 03:30	18.1	20.3	33.5	0.0	91.2	13.2	0.0	295	1	0	11.8
2019-07-23 04:00	18.0	20.1	33.5	0.0	90.0	13.6	0.0	251	1	0	12.0
2019-07-23 04:30	17.8	19.9	33.1	0.0	88.6	13.9	0.0	275	3	0	12.0
2019-07-23 05:00	17.7	19.8	33.1	0.0	89.9	13.7	0.0	279	1	0	12.1
2019-07-23 05:30	17.5	19.6	33.1	0.0	90.0	13.7	0.0	278	3	0	12.1
2019-07-23 06:00	17.4	19.4	33.4	7.0	89.0	14.3	0.0	279	6	0	12.5
2019-07-23 06:30	17.4	19.3	33.4	49.0	88.9	14.7	0.0	285	4	0	12.9
2019-07-23 07:00	17.7	19.2	33.1	117.0	85.5	16.0	0.0	279	6	1	13.6
2019-07-23 07:30	18.2	19.3	33.1	198.0	83.1	17.3	0.0	282	4	1	14.4
2019-07-23 08:00	19.1	19.4	33.0	280.0	79.3	18.6	0.0	278	8	1	14.9
2019-07-23 08:30	20.6	19.7	33.1	368.0	74.0	20.1	0.0	286	6	1	15.3
2019-07-23 09:00	22.9	20.2	33.1	458.0	69.3	21.4	0.0	272	4	0	15.5
2019-07-23 09:30	25.3	21.1	33.4	539.0	63.4	23.0	0.0	278	3	0	15.7
2019-07-23 10:00	27.5	22.3	33.7	628.0	63.0	23.8	0.0	268	9	1	16.3
2019-07-23 10:30	29.3	23.7	34.1	700.0	65.6	23.7	0.0	269	12	4	16.9
2019-07-23 11:00	31.1	24.9	34.3	759.0	65.1	24.1	0.0	272	14	4	17.1
2019-07-23 11:30	33.0	26.2	34.9	817.0	62.8	24.9	0.0	279	14	4	17.3
2019-07-23 12:00	34.4	27.4	35.0	864.0	59.8	25.3	0.0	288	19	8	16.9
2019-07-23 12:30	35.6	28.5	35.4	890.0	57.2	25.9	0.0	278	14	6	16.8
2019-07-23 13:00	36.7	29.6	35.7	908.0	54.5	26.1	0.0	283	16	6	16.2
2019-07-23 13:30	37.6	30.4	35.6	854.0	52.1	26.3	0.0	282	17	6	15.7
2019-07-23 14:00	37.4	31.1	35.8	684.0	52.9	26.1	0.0	286	20	6	15.7
2019-07-23 14:30	36.7	31.2	36.0	723.0	51.5	26.1	0.0	290	20	8	15.3
2019-07-23 15:00	37.4	31.5	35.8	746.0	51.3	26.4	0.0	303	17	8	15.5
2019-07-23 15:30	37.5	31.8	35.8	788.0	50.4	26.7	0.0	300	17	8	15.5
2019-07-23 16:00	37.1	32.1	35.8	584.0	50.4	26.3	0.0	312	14	6	15.2
2019-07-23 16:30	36.8	32.2	35.7	584.0	48.3	26.3	0.0	300	12	6	14.5
2019-07-23 17:00	36.1	32.1	35.8	535.0	49.1	26.5	0.0	304	14	4	14.9
2019-07-23 17:30	35.3	31.9	35.8	423.0	49.4	25.8	0.0	304	14	6	14.4
2019-07-23 18:00	34.2	31.6	35.6	367.0	49.8	25.8	0.0	313	14	4	14.5
2019-07-23 18:30	32.6	31.1	34.9	241.0	50.2	24.9	0.0	309	12	4	13.8
2019-07-23 19:00	31.1	30.3	34.4	175.0	52.2	24.6	0.0	307	11	3	14.1
2019-07-23 19:30	29.3	29.6	34.3	100.0	55.5	23.4	0.0	317	6	0	14.0
2019-07-23 20:00	27.6	28.6	33.9	31.0	69.8	21.6	0.0	357	3	0	15.8
2019-07-23 20:30	26.2	27.7	33.6	6.0	82.5	19.4	0.0	348	0	0	16.3
2019-07-23 21:00	25.0	26.8	33.5	0.0	92.2	17.4	0.0	348	0	0	16.1
2019-07-23 21:30	24.1	26.0	33.1	0.0	91.0	16.9	0.0	348	0	0	15.4
2019-07-23 22:00	23.3	25.3	33.0	0.0	89.2	16.9	0.0	348	0	0	15.1
2019-07-23 22:30	22.6	24.6	33.0	0.0	88.1	16.6	0.0	348	0	0	14.6
2019-07-23 23:00	22.0	24.1	32.6	0.0	91.1	15.7	0.0	348	0	0	14.3
2019-07-23 23:30	21.4	23.6	32.4	0.0	95.4	14.5	0.0	348	0	0	13.8
2019-07-24 00:00	20.9	23.1	32.7	0.0	96.4	14.2	0.0	348	0	0	13.6
2019-07-24 00:30	20.5	22.7	32.2	0.0	97.2	13.8	0.0	348	0	0	13.4
2019-07-24 01:00	20.2	22.3	32.1	0.0	97.1	13.4	0.0	348	0	0	12.9
2019-07-24 01:30	19.8	21.9	32.2	0.0	97.7	13.3	0.0	299	1	0	12.9
2019-07-24 02:00	19.4	21.6	32.1	0.0	98.1	13.1	0.0	249	0	0	12.8
2019-07-24 02:30	19.1	21.2	31.9	0.0	98.3	12.7	0.0	249	0	0	12.4
2019-07-24 03:00	18.9	20.9	32.0	0.0	98.7	12.6	0.0	249	0	0	12.4
2019-07-24 03:30	18.7	20.7	32.0	0.0	98.9	12.8	0.0	249	0	0	12.6
2019-07-24 04:00	18.4	20.4	32.0	0.0	99.1	12.3	0.0	249	0	0	12.2
2019-07-24 04:30	18.1	20.3	31.7	0.0	99.2	12.1	0.0	249	0	0	12.0
2019-07-24 05:00	17.9	20.1	31.5	0.0	99.3	11.8	0.0	249	0	0	11.7
2019-07-24 05:30	17.7	19.8	31.5	0.0	99.5	12.2	0.0	249	0	0	12.1
2019-07-24 06:00	17.6	19.6	31.5	10.0	99.5	11.8	0.0	249	0	0	11.7
2019-07-24 06:30	17.6	19.4	31.5	59.0	98.9	13.1	0.0	249	0	0	12.9
2019-07-24 07:00	18.0	19.4	31.5	126.0	94.0	15.7	0.0	249	0	0	14.7
2019-07-24 07:30	18.6	19.5	31.7	197.0	90.4	17.2	0.0	249	0	0	15.6
2019-07-24 08:00	19.4	19.7	31.5	280.0	85.0	19.3	0.0	251	0	0	16.7
2019-07-24 08:30	20.9	20.0	31.5	373.0	79.6	21.0	0.0	259	1	0	17.3
2019-07-24 09:00	23.4	20.5	31.7	465.0	65.5	22.6	0.0	282	1	0	15.8
2019-07-24 09:30	25.7	21.3	32.0	562.0	57.6	23.6	0.0	327	3	0	14.7
2019-07-24 10:00	27.9	22.5	32.4	639.0	60.0	23.8	0.0	271	4	0	15.6
2019-07-24 10:30	30.1	23.8	32.7	716.0	58.2	24.7	0.0	289	4	0	15.9
2019-07-24 11:00	32.0	25.2	33.0	778.0	53.6	25.5	0.0	196	6	0	15.4
2019-07-24 11:30	33.8	26.7	33.4	820.0	48.9	25.9	0.0	235	6	0	14.3
2019-07-24 12:00	35.6	27.9	33.5	869.0	43.2	26.5	0.0	307	9	3	13.0
2019-07-24 12:30	37.1	29.2	33.6	894.0	41.3	26.8	0.0	237	11	1	12.6
2019-07-24 13:00	38.4	30.4	33.6	911.0	39.9	27.2	0.0	217	9	1	12.4
2019-07-24 13:30	39.4	31.6	33.6	916.0	38.2	27.2	0.0	180	9	1	11.7
2019-07-24 14:00	40.1	32.6	33.9	902.0	35.4	27.8	0.0	149	8	1	11.1
2019-07-24 14:30	40.7	33.4	34.3	875.0	34.0	27.8	0.0	248	8	1	10.5
2019-07-24 15:00	41.0	34.1	34.3	828.0	37.0	27.8	0.0	189	11	1	11.8
2019-07-24 15:30	41.1	34.6	34.3	773.0	37.5	27.9	0.0	289	9	3	12.1
2019-07-24 16:00	40.7	34.8	34.3	704.0	37.4	27.9	0.0	242	11	1	12.0
2019-07-24 16:30	40.0	34.9	33.9	627.0	38.5	27.6	0.0	264	9	1	12.2
2019-07-24 17:00	39.2	34.9	34.1	549.0	38.9	27.6	0.0	264	12	1	12.4
2019-07-24 17:30	38.2	34.7	34.3	457.0	39.1	27.5	0.0	139	4	0	12.3
2019-07-24 18:00	36.7	34.3	34.1	359.0	42.2	26.8	0.0	128	6	0	12.9
2019-07-24 18:30	35.2	33.7	34.3	273.0	41.6	26.7	0.0	354	4	0	12.6
2019-07-24 19:00	33.4	32.9	33.8	189.0	46.5	25.9	0.0	354	3	0	13.6
2019-07-24 19:30	31.3	32.0	33.0	112.0	51.5	24.5	0.0	273	3	0	13.8
2019-07-24 20:00	29.3	30.9	32.7	47.0	60.0	22.6	0.0	22	1	0	14.4
2019-07-24 20:30	27.7	29.8	32.6	6.0	74.2	19.8	0.0	22	0	0	15.1
2019-07-24 21:00	26.3	28.7	32.1	0.0	68.6	19.3	0.0	22	0	0	13.4
2019-07-24 21:30	25.3	27.7	32.0	0.0	73.3	17.7	0.0	22	1	0	12.9
2019-07-24 22:00	24.4	26.9	31.7	0.0	70.6	17.8	0.0	48	1	0	12.4
2019-07-24 22:30	23.7	26.2	31.8	0.0	85.8	15.5	0.0	69	0	0	13.1
2019-07-24 23:00	23.0	25.5	31.5	0.0	85.5	14.8	0.0	67	0	0	12.4
2019-07-24 23:30	22.4	24.9	31.3	0.0	91.1	14.2	0.0	67	0	0	12.8
2019-07-25 00:00	21.9	24.4	31.2	0.0	91.6	13.8	0.0	69	0	0	12.5
2019-07-25 00:30	21.4	23.9	31.2	0.0	93.9	13.6	0.0	67	0	0	12.6
2019-07-25 01:00	21.0	23.4	30.9	0.0	95.5	13.3	0.0	67	0	0	12.6
2019-07-25 01:30	20.6	23.1	30.9	0.0	96.3	13.1	0.0	67	0	0	12.5
2019-07-25 02:00	20.3	22.7	30.9	0.0	94.7	13.1	0.0	69	0	0	12.3
2019-07-25 02:30	20.0	22.3	30.9	0.0	95.5	12.4	0.0	67	0	0	11.7
2019-07-25 03:00	19.7	22.0	30.5	0.0	96.6	12.2	0.0	69	0	0	11.7
2019-07-25 03:30	19.3	21.7	30.5	0.0	96.7	12.2	0.0	67	0	0	11.7
2019-07-25 04:00	19.1	21.4	30.5	0.0	97.2	12.1	0.0	67	0	0	11.7
2019-07-25 04:30	18.8	21.1	30.5	0.0	97.4	11.8	0.0	69	0	0	11.4
2019-07-25 05:00	18.6	20.8	30.5	0.0	97.2	12.1	0.0	67	0	0	11.7
2019-07-25 05:30	18.4	20.6	30.4	0.0	97.5	11.8	0.0	69	0	0	11.4
2019-07-25 06:00	18.2	20.4	30.0	5.0	96.2	12.3	0.0	67	0	0	11.7
2019-07-25 06:30	18.2	20.3	30.0	41.0	93.7	13.2	0.0	67	0	0	12.2
2019-07-25 07:00	18.6	20.2	30.0	106.0	89.1	15.4	0.0	69	0	0	13.6
2019-07-25 07:30	19.2	20.3	30.0	182.0	79.8	18.3	0.0	69	0	0	14.7
2019-07-25 08:00	19.9	20.4	30.0	266.0	73.6	20.1	0.0	73	1	0	15.2
2019-07-25 08:30	21.2	20.7	30.1	350.0	67.0	21.5	0.0	134	3	0	15.1
2019-07-25 09:00	23.4	21.1	30.4	439.0	59.5	22.9	0.0	166	4	0	14.6
2019-07-25 09:30	25.5	21.8	30.6	526.0	55.4	23.8	0.0	172	3	0	14.3
2019-07-25 10:00	27.7	22.9	30.9	612.0	51.2	24.9	0.0	168	4	0	14.1
2019-07-25 10:30	29.7	24.2	31.2	687.0	49.0	25.7	0.0	170	4	0	14.2
2019-07-25 11:00	31.8	25.6	31.5	755.0	48.8	26.6	0.0	136	6	0	14.9
2019-07-25 11:30	33.8	26.9	31.8	809.0	47.8	27.0	0.0	159	8	1	15.0
2019-07-25 12:00	35.4	28.3	31.9	849.0	46.1	27.7	0.0	162	6	0	15.1
2019-07-25 12:30	37.0	29.6	31.9	878.0	44.8	28.2	0.0	135	8	1	15.1
2019-07-25 13:00	38.4	30.8	32.0	890.0	45.6	28.4	0.0	197	4	0	15.5
2019-07-25 13:30	39.4	31.8	32.4	838.0	46.5	28.6	0.0	138	11	3	16.0
2019-07-25 14:00	39.5	32.7	32.4	778.0	45.4	28.6	0.0	101	11	1	15.6
2019-07-25 14:30	40.4	33.4	32.2	851.0	44.0	29.2	0.0	120	9	3	15.7
2019-07-25 15:00	41.0	34.2	32.2	821.0	44.6	29.1	0.0	124	8	1	15.8
2019-07-25 15:30	41.2	34.8	32.2	785.0	44.8	29.6	0.0	146	9	1	16.3
2019-07-25 16:00	40.9	35.2	32.4	742.0	44.6	29.6	0.0	153	9	3	16.3
2019-07-25 16:30	40.4	35.4	32.4	648.0	43.9	29.3	0.0	134	12	3	15.7
2019-07-25 17:00	39.7	35.5	32.4	558.0	43.1	29.4	0.0	131	8	1	15.6
2019-07-25 17:30	38.2	35.2	32.4	385.0	44.9	28.6	0.0	135	8	1	15.5
2019-07-25 18:00	36.5	34.7	32.6	334.0	46.0	28.2	0.0	131	8	1	15.5
2019-07-25 18:30	34.2	33.9	32.4	127.0	51.1	26.0	0.0	131	8	1	15.1
2019-07-25 19:00	32.3	32.8	31.8	166.0	52.4	25.9	0.0	149	6	1	15.4
2019-07-25 19:30	30.6	31.8	31.5	77.0	54.7	24.9	0.0	158	8	1	15.2
2019-07-25 20:00	28.8	30.7	31.0	17.0	59.2	23.1	0.0	136	4	0	14.7
2019-07-25 20:30	27.5	29.7	30.9	2.0	64.8	21.7	0.0	139	3	0	14.8
2019-07-25 21:00	26.4	28.7	30.5	0.0	65.1	20.9	0.0	104	1	0	14.1
2019-07-25 21:30	25.5	27.8	30.5	0.0	65.7	20.7	0.0	110	3	0	14.0
2019-07-25 22:00	24.8	27.1	30.1	0.0	73.0	19.4	0.0	115	1	0	14.4
2019-07-25 22:30	24.2	26.4	30.1	0.0	69.9	20.2	0.0	67	1	0	14.5
2019-07-25 23:00	23.7	25.9	30.0	0.0	83.1	17.5	0.0	74	0	0	14.6
2019-07-25 23:30	23.2	25.4	29.7	0.0	92.2	16.0	0.0	74	0	0	14.7
2019-07-26 00:00	22.7	24.9	29.6	0.0	91.7	15.9	0.0	73	0	0	14.6
2019-07-26 00:30	22.3	24.5	29.6	0.0	82.5	18.3	0.0	74	3	0	15.3
2019-07-26 01:00	22.1	24.1	29.5	0.0	79.4	19.0	0.0	94	3	0	15.4
2019-07-26 01:30	21.8	23.8	29.5	0.0	84.2	17.8	0.0	91	1	0	15.1
2019-07-26 02:00	21.6	23.5	29.1	0.0	83.7	18.1	0.0	103	3	0	15.3
2019-07-26 02:30	21.3	23.2	29.1	0.0	88.3	17.0	0.0	104	0	0	15.0
2019-07-26 03:00	20.9	22.9	29.3	0.0	87.1	17.1	0.0	94	1	0	14.9
2019-07-26 03:30	20.7	22.7	29.3	0.0	88.6	16.7	0.0	93	1	0	14.8
2019-07-26 04:00	20.4	22.4	29.3	0.0	90.6	16.2	0.0	93	1	0	14.7
2019-07-26 04:30	20.2	22.2	29.3	0.0	91.2	16.1	0.0	93	1	0	14.7
2019-07-26 05:00	20.2	21.9	28.9	0.0	88.8	16.7	0.0	91	3	0	14.8
2019-07-26 05:30	20.2	21.8	28.8	0.0	94.3	15.9	0.0	91	0	0	15.0
2019-07-26 06:00	20.2	21.7	28.8	17.0	95.4	15.7	0.0	87	1	0	15.0
2019-07-26 06:30	20.4	21.7	28.8	44.0	85.6	18.2	0.0	90	6	0	15.7
2019-07-26 07:00	20.8	21.7	28.8	62.0	84.7	18.7	0.0	121	4	0	16.1
2019-07-26 07:30	21.3	21.8	28.8	89.0	83.0	19.2	0.0	125	8	1	16.2
2019-07-26 08:00	22.0	22.1	28.9	164.0	78.8	20.2	0.0	132	8	1	16.4
2019-07-26 08:30	22.8	22.4	29.1	187.0	76.6	20.9	0.0	127	8	1	16.6
2019-07-26 09:00	23.6	22.8	29.4	201.0	75.5	21.5	0.0	144	8	1	17.0
2019-07-26 09:30	24.2	23.2	29.4	242.0	74.3	22.0	0.0	135	9	3	17.2
2019-07-26 10:00	25.1	23.7	29.5	261.0	72.1	22.5	0.0	135	11	3	17.2
2019-07-26 10:30	26.7	24.2	29.5	602.0	68.5	24.2	0.0	132	9	3	18.0
2019-07-26 11:00	30.4	25.4	29.7	660.0	64.2	25.9	0.0	125	11	4	18.6
2019-07-26 11:30	32.1	26.8	30.1	654.0	62.1	26.8	0.0	135	11	4	18.9
2019-07-26 12:00	33.4	27.9	30.2	692.0	61.1	27.4	0.0	128	12	4	19.2
2019-07-26 12:30	34.2	28.9	30.4	891.0	58.4	28.1	0.0	125	14	6	19.2
2019-07-26 13:00	36.2	30.1	30.5	767.0	54.3	28.8	0.0	142	16	6	18.7
2019-07-26 13:30	36.1	30.8	30.7	724.0	54.5	28.7	0.0	149	16	6	18.6
2019-07-26 14:00	36.1	31.3	30.9	642.0	55.7	28.6	0.0	132	16	4	18.9
2019-07-26 14:30	36.2	31.6	30.7	701.0	54.6	29.1	0.0	145	16	6	19.0
2019-07-26 15:00	36.6	32.0	30.7	567.0	55.3	28.9	0.0	132	14	6	19.0
2019-07-26 15:30	35.9	32.2	30.9	596.0	54.0	29.2	0.0	151	16	4	18.9
2019-07-26 16:00	36.8	32.3	30.7	687.0	53.0	29.8	0.0	156	12	6	19.2
2019-07-26 16:30	36.7	32.7	31.0	503.0	53.8	29.0	0.0	165	17	6	18.7
2019-07-26 17:00	34.7	32.5	31.3	306.0	56.0	28.0	0.0	159	17	6	18.4
2019-07-26 17:30	33.9	31.9	30.9	419.0	55.3	28.7	0.0	162	14	8	18.9
2019-07-26 18:00	33.7	31.6	30.7	363.0	54.6	28.7	0.0	156	19	8	18.6
2019-07-26 18:30	32.6	31.3	30.7	258.0	54.3	28.2	0.0	155	20	8	18.1
2019-07-26 19:00	31.0	30.8	30.5	137.0	53.6	27.2	0.0	163	19	4	17.0
2019-07-26 19:30	29.1	30.0	29.6	32.0	59.9	25.6	0.0	160	8	1	17.2
2019-07-26 20:00	28.1	29.2	29.6	38.0	60.0	25.6	0.0	155	6	3	17.3
2019-07-26 20:30	27.2	28.4	29.4	5.0	61.9	25.0	0.0	145	11	3	17.2
2019-07-26 21:00	26.3	27.8	29.1	0.0	64.9	24.4	0.0	136	9	3	17.4
2019-07-26 21:30	25.7	27.1	29.1	0.0	67.2	23.9	0.0	139	9	1	17.4
2019-07-26 22:00	25.2	26.6	29.1	0.0	69.6	23.3	0.0	136	9	3	17.4
2019-07-26 22:30	24.7	26.1	28.8	0.0	70.6	23.3	0.0	146	14	3	17.7
2019-07-26 23:00	24.4	25.7	28.8	0.0	72.2	23.1	0.0	142	12	3	17.8
2019-07-26 23:30	24.1	25.4	28.8	0.0	74.2	22.9	0.0	146	12	4	18.1
2019-07-27 00:00	23.8	25.1	28.8	0.0	75.4	22.7	0.0	149	11	4	18.1
2019-07-27 00:30	23.5	24.8	28.7	0.0	74.3	22.8	0.0	152	16	4	18.0
2019-07-27 01:00	23.3	24.6	28.4	0.0	74.9	22.4	0.0	158	11	4	17.7
2019-07-27 01:30	23.1	24.3	28.2	0.0	75.7	22.1	0.0	159	12	3	17.6
2019-07-27 02:00	23.0	24.1	28.2	0.0	75.7	22.1	0.0	149	14	4	17.6
2019-07-27 02:30	22.7	23.9	28.1	0.0	77.3	21.6	0.0	145	11	4	17.5
2019-07-27 03:00	22.4	23.7	28.1	0.0	79.9	20.9	0.0	142	12	3	17.3
2019-07-27 03:30	22.2	23.5	28.1	0.0	78.7	20.9	0.0	149	11	4	17.1
2019-07-27 04:00	22.0	23.3	28.1	0.0	77.3	20.9	0.0	160	14	4	16.8
2019-07-27 04:30	21.8	23.1	28.0	0.0	78.1	20.7	0.0	151	11	4	16.7
2019-07-27 05:00	21.6	22.9	27.9	0.0	79.4	20.5	0.0	146	9	3	16.8
2019-07-27 05:30	21.6	22.7	27.8	0.0	79.8	20.4	0.0	145	9	3	16.8
2019-07-27 06:00	21.5	22.7	27.9	5.0	80.8	20.3	0.0	141	9	3	16.9
2019-07-27 06:30	21.4	22.5	27.9	41.0	81.0	20.4	0.0	142	12	3	17.0
2019-07-27 07:00	21.6	22.4	27.9	82.0	79.4	20.9	0.0	145	9	3	17.2
2019-07-27 07:30	22.3	22.5	28.0	202.0	75.2	22.3	0.0	149	12	3	17.7
2019-07-27 08:00	23.6	22.7	28.1	283.0	70.1	23.7	0.0	153	12	6	17.9
2019-07-27 08:30	25.0	23.1	28.2	381.0	68.2	24.5	0.0	159	16	6	18.3
2019-07-27 09:00	26.3	23.7	28.8	353.0	68.0	24.9	0.0	165	12	4	18.6
2019-07-27 09:30	27.6	24.3	28.7	510.0	65.7	25.9	0.0	170	16	4	19.0
2019-07-27 10:00	29.4	25.2	28.8	609.0	63.9	26.3	0.0	179	20	8	18.9
2019-07-27 10:30	31.3	26.2	29.1	670.0	62.3	27.1	0.0	172	19	8	19.3
2019-07-27 11:00	31.9	27.1	29.3	604.0	61.9	27.1	0.0	170	19	9	19.2
2019-07-27 11:30	33.4	27.9	29.4	759.0	59.7	28.2	0.0	169	19	9	19.6
2019-07-27 12:00	34.6	28.8	29.6	749.0	59.2	28.2	0.0	166	24	12	19.5
2019-07-27 12:30	35.4	29.7	29.6	860.0	58.2	28.8	0.0	176	24	11	19.8
2019-07-27 13:00	36.8	30.6	29.4	871.0	56.9	29.5	0.0	173	25	11	20.1
2019-07-27 13:30	37.4	31.4	29.8	877.0	56.0	29.4	0.0	172	27	14	19.7
2019-07-27 14:00	37.9	32.1	29.6	876.0	54.7	29.8	0.0	165	24	12	19.7
2019-07-27 14:30	38.3	32.7	29.7	835.0	55.1	29.9	0.0	172	27	12	19.9
2019-07-27 15:00	38.5	33.1	29.7	787.0	55.6	30.2	0.0	166	24	11	20.3
2019-07-27 15:30	38.5	33.4	29.7	740.0	54.9	30.2	0.0	172	25	11	20.1
2019-07-27 16:00	38.2	33.6	29.7	691.0	54.8	29.9	0.0	186	22	11	19.8
2019-07-27 16:30	38.0	33.7	29.6	612.0	55.6	30.2	0.0	175	20	8	20.3
2019-07-27 17:00	37.1	33.6	29.7	517.0	56.5	29.9	0.0	168	24	9	20.3
2019-07-27 17:30	36.1	33.3	29.7	442.0	57.7	29.7	0.0	183	20	11	20.5
2019-07-27 18:00	34.8	32.9	29.8	341.0	57.4	29.3	0.0	172	24	11	20.0
2019-07-27 18:30	33.4	32.3	29.7	255.0	57.6	28.9	0.0	183	22	8	19.7
2019-07-27 19:00	31.9	31.6	29.1	173.0	59.1	28.3	0.0	173	24	11	19.5
2019-07-27 19:30	30.3	30.8	28.7	96.0	62.2	27.7	0.0	169	20	9	19.8
2019-07-27 20:00	29.0	30.0	28.4	39.0	64.7	26.8	0.0	162	16	8	19.6
2019-07-27 20:30	27.9	29.2	28.1	4.0	67.9	26.0	0.0	169	17	6	19.6
2019-07-27 21:00	27.2	28.4	28.0	0.0	69.4	25.3	0.0	165	12	4	19.3
2019-07-27 21:30	26.5	27.8	27.8	0.0	69.5	24.9	0.0	165	14	4	18.9
2019-07-27 22:00	26.0	27.2	27.8	0.0	69.9	24.6	0.0	168	14	4	18.7
2019-07-27 22:30	25.6	26.8	27.9	0.0	70.4	24.2	0.0	169	16	4	18.5
2019-07-27 23:00	25.1	26.3	27.8	0.0	71.9	23.7	0.0	169	9	3	18.3
2019-07-27 23:30	24.8	26.0	27.7	0.0	72.5	23.5	0.0	170	16	4	18.3
2019-07-28 00:00	24.5	25.7	27.5	0.0	72.9	23.3	0.0	170	11	4	18.2
2019-07-28 00:30	24.4	25.4	27.7	0.0	72.0	23.7	0.0	176	12	6	18.4
2019-07-28 01:00	24.2	25.2	27.7	0.0	73.6	23.3	0.0	177	12	4	18.3
2019-07-28 01:30	23.9	24.9	27.7	0.0	74.5	23.2	0.0	179	11	4	18.4
2019-07-28 02:00	23.7	24.7	27.7	0.0	75.2	23.1	0.0	182	11	4	18.5
2019-07-28 02:30	23.6	24.5	27.7	0.0	76.2	23.0	0.0	189	11	3	18.6
2019-07-28 03:00	23.5	24.4	27.7	0.0	76.8	22.9	0.0	186	12	3	18.6
2019-07-28 03:30	23.3	24.2	27.5	0.0	78.1	22.5	0.0	192	9	3	18.5
2019-07-28 04:00	23.1	24.1	27.4	0.0	80.0	22.0	0.0	192	8	1	18.4
2019-07-28 04:30	22.9	23.9	27.4	0.0	81.6	21.7	0.0	179	8	1	18.4
2019-07-28 05:00	22.7	23.7	27.3	0.0	84.2	21.1	0.0	162	6	0	18.3
2019-07-28 05:30	22.5	23.5	27.3	0.0	85.6	20.9	0.0	160	4	0	18.4
2019-07-28 06:00	22.6	23.4	27.3	8.0	84.7	21.3	0.0	163	6	1	18.6
2019-07-28 06:30	22.6	23.3	27.4	41.0	82.7	21.8	0.0	175	8	3	18.7
2019-07-28 07:00	22.8	23.3	27.4	65.0	81.9	22.2	0.0	166	6	1	19.0
2019-07-28 07:30	23.3	23.4	27.4	161.0	78.4	23.6	0.0	153	8	1	19.6
2019-07-28 08:00	24.2	23.6	27.4	227.0	77.0	24.2	0.0	162	8	3	19.9
2019-07-28 08:30	25.6	23.8	27.5	358.0	73.6	25.3	0.0	172	11	3	20.2
2019-07-28 09:00	27.2	24.4	27.8	437.0	72.4	25.7	0.0	183	11	4	20.4
2019-07-28 09:30	28.9	25.3	28.0	524.0	70.6	26.4	0.0	184	12	4	20.6
2019-07-28 10:00	30.7	26.2	28.1	608.0	68.4	27.4	0.0	177	14	4	21.1
2019-07-28 10:30	32.4	27.3	28.5	676.0	67.0	27.9	0.0	177	14	4	21.2
2019-07-28 11:00	34.1	28.3	28.5	741.0	65.6	28.4	0.0	182	16	6	21.3
2019-07-28 11:30	35.7	29.4	28.8	788.0	64.0	29.2	0.0	173	12	6	21.7
2019-07-28 12:00	37.0	30.5	28.8	817.0	63.4	29.4	0.0	189	16	8	21.7
2019-07-28 12:30	38.1	31.4	28.8	867.0	61.1	29.9	0.0	176	19	9	21.6
2019-07-28 13:00	38.9	32.3	29.0	851.0	60.2	30.3	0.0	186	17	6	21.7
2019-07-28 13:30	39.4	33.1	29.0	787.0	57.7	30.3	0.0	175	19	9	21.0
2019-07-28 14:00	39.2	33.4	29.1	808.0	56.6	30.3	0.0	182	19	9	20.7
2019-07-28 14:30	39.7	33.8	29.0	721.0	57.1	30.5	0.0	177	14	6	21.0
2019-07-28 15:00	39.3	34.2	29.0	716.0	54.8	30.6	0.0	170	19	9	20.5
2019-07-28 15:30	39.5	34.4	29.1	773.0	53.3	30.9	0.0	173	20	9	20.3
2019-07-28 16:00	39.1	34.6	28.9	652.0	53.3	30.8	0.0	173	24	9	20.2
2019-07-28 16:30	38.6	34.6	28.8	624.0	52.2	30.7	0.0	172	22	9	19.8
2019-07-28 17:00	37.4	34.4	29.0	391.0	54.9	30.3	0.0	166	19	6	20.2
2019-07-28 17:30	36.2	33.8	29.0	395.0	54.3	30.2	0.0	168	17	8	20.0
2019-07-28 18:00	34.8	33.3	29.0	272.0	56.0	29.3	0.0	179	22	8	19.6
2019-07-28 18:30	33.3	32.6	28.7	204.0	57.9	28.9	0.0	172	17	6	19.8
2019-07-28 19:00	32.4	31.9	28.4	185.0	58.1	29.2	0.0	159	19	6	20.1
2019-07-28 19:30	30.8	31.3	28.0	41.0	62.5	27.6	0.0	160	14	4	19.8
2019-07-28 20:00	29.7	30.4	27.4	46.0	62.8	27.6	0.0	158	14	6	19.9
2019-07-28 20:30	28.7	29.7	27.3	5.0	64.7	26.8	0.0	156	17	4	19.6
2019-07-28 21:00	27.9	29.0	27.1	0.0	65.2	26.5	0.0	151	14	4	19.4
2019-07-28 21:30	27.2	28.4	27.0	0.0	67.5	25.9	0.0	156	11	3	19.4
2019-07-28 22:00	26.7	27.9	26.9	0.0	69.7	25.4	0.0	141	12	3	19.5
2019-07-28 22:30	26.3	27.4	26.7	0.0	72.1	24.9	0.0	141	12	3	19.5
2019-07-28 23:00	25.8	27.0	26.6	0.0	73.3	24.6	0.0	148	9	3	19.5
2019-07-28 23:30	25.5	26.7	26.5	0.0	74.5	24.2	0.0	136	8	1	19.4
2019-07-29 00:00	25.2	26.3	26.5	0.0	75.9	23.7	0.0	135	8	3	19.2
2019-07-29 00:30	24.8	26.0	26.5	0.0	76.9	23.4	0.0	135	11	3	19.1
2019-07-29 01:00	24.6	25.7	26.5	0.0	77.8	23.3	0.0	134	11	4	19.2
2019-07-29 01:30	24.3	25.4	26.4	0.0	78.6	23.3	0.0	146	16	4	19.4
2019-07-29 02:00	24.1	25.2	26.3	0.0	78.1	23.3	0.0	142	16	4	19.3
2019-07-29 02:30	23.9	25.1	26.2	0.0	78.8	23.0	0.0	139	9	3	19.1
2019-07-29 03:00	23.8	24.8	26.2	0.0	79.0	22.9	0.0	142	12	3	19.1
2019-07-29 03:30	23.6	24.7	26.2	0.0	79.5	22.8	0.0	144	14	3	19.1
2019-07-29 04:00	23.4	24.5	26.2	0.0	80.3	22.6	0.0	144	14	4	19.0
2019-07-29 04:30	23.4	24.4	26.3	0.0	81.5	22.3	0.0	145	9	1	19.0
2019-07-29 05:00	23.3	24.3	26.3	0.0	81.7	22.3	0.0	132	9	3	19.0
2019-07-29 05:30	23.4	24.2	26.3	0.0	81.6	22.5	0.0	156	11	3	19.2
2019-07-29 06:00	23.4	24.2	26.0	0.0	84.4	22.3	0.5	170	8	1	19.5
2019-07-29 06:30	23.2	24.1	25.8	8.0	92.0	21.4	0.2	139	6	1	20.0
2019-07-29 07:00	23.1	23.9	25.8	18.0	93.5	21.4	0.2	148	4	0	20.3
2019-07-29 07:30	23.2	23.9	25.8	41.0	93.9	21.6	0.2	115	6	1	20.6
2019-07-29 08:00	23.4	23.9	25.8	65.0	93.4	21.8	0.0	177	8	1	20.7
2019-07-29 08:30	23.7	23.9	25.8	79.0	92.1	22.1	0.0	158	11	1	20.8
2019-07-29 09:00	23.8	24.1	25.8	129.0	91.5	22.3	0.0	144	16	6	20.8
2019-07-29 09:30	24.0	24.1	25.9	94.0	91.3	22.4	0.0	142	14	4	20.9
2019-07-29 10:00	24.2	24.2	25.9	147.0	89.5	22.9	0.0	159	11	3	21.1
2019-07-29 10:30	24.6	24.3	25.9	191.0	88.4	23.2	0.0	169	9	4	21.2
2019-07-29 11:00	24.8	24.5	26.0	129.0	88.4	23.2	0.0	166	11	4	21.2
2019-07-29 11:30	25.3	24.6	26.3	280.0	85.4	24.2	0.0	168	12	4	21.6
2019-07-29 12:00	25.5	24.9	26.4	115.0	86.0	23.6	0.0	183	16	6	21.1
2019-07-29 12:30	24.4	24.8	29.1	76.0	93.1	21.7	4.8	207	16	8	20.5
2019-07-29 13:00	24.7	24.4	33.7	443.0	92.8	22.3	0.0	190	14	6	21.1
2019-07-29 13:30	28.0	25.2	31.3	579.0	88.0	24.2	0.0	190	17	8	22.1
2019-07-29 14:00	28.9	26.1	29.8	683.0	84.0	25.3	0.0	193	14	6	22.4
2019-07-29 14:30	30.8	27.1	29.5	813.0	77.9	26.7	0.0	189	14	6	22.5
2019-07-29 15:00	31.5	27.9	29.1	611.0	76.0	26.9	0.0	201	12	4	22.3
2019-07-29 15:30	31.8	28.4	29.0	699.0	73.1	27.8	0.0	190	17	6	22.5
2019-07-29 16:13		28.3	6.6	103.0	76.3	25.8	0.0	224	19	4	21.3
2019-07-29 16:43		27.8	11.9	132.0	75.6	25.4	0.0	234	12	4	20.8
2019-07-29 17:13		27.3	99.9	472.0	70.7	26.8	0.0	223	9	3	21.0
2019-07-29 17:43		27.7	99.9	484.0	68.9	27.6	0.0	208	12	4	21.4
2019-07-29 18:13		28.1	99.9	280.0	68.8	27.4	0.0	234	6	1	21.2
2019-07-29 18:43		27.9	99.9	259.0	59.6	27.5	0.0	265	11	3	18.9
2019-07-29 19:13		27.7	99.9	161.0	60.8	26.5	0.0	278	9	1	18.3
2019-07-29 19:43		27.2	99.9	89.0	65.3	25.3	0.0	271	4	0	18.3
2019-07-29 20:13		26.6	44.1	27.0	75.1	23.2	0.0	276	1	0	18.5
2019-07-29 20:43		25.9	6.5	1.0	87.4	20.6	0.0	276	0	0	18.4
2019-07-29 21:13		25.2	16.1	0.0	90.0	19.6	0.0	273	1	0	17.9
2019-07-29 21:43		24.7	32.1	0.0	92.4	19.1	0.0	272	0	0	17.8
2019-07-29 22:13		24.2	25.9	0.0	93.4	18.7	0.0	272	0	0	17.6
2019-07-29 22:43		23.8	34.1	0.0	95.7	18.2	0.0	272	0	0	17.5
2019-07-29 23:13		23.4	54.2	0.0	95.1	17.9	0.0	272	0	0	17.1
2019-07-29 23:43		23.1	86.2	0.0	96.7	17.4	0.0	272	0	0	16.9
2019-07-30 00:13		22.7	99.9	0.0	97.6	17.3	0.0	272	0	0	16.9
2019-07-30 00:43		22.4	99.9	0.0	96.8	17.2	0.0	272	0	0	16.7
2019-07-30 01:13		22.2	99.9	0.0	94.9	17.3	0.0	272	0	0	16.5
2019-07-30 01:43		21.9	99.9	0.0	91.6	18.3	0.0	254	1	0	16.9
2019-07-30 02:13		21.8	99.9	0.0	92.2	18.1	0.0	237	1	0	16.8
2019-07-30 02:43		21.6	14.8	0.0	94.8	17.1	0.0	237	0	0	16.3
2019-07-30 03:13		21.4	65.4	0.0	96.6	16.3	0.0	237	0	0	15.8
2019-07-30 03:43		21.2	99.9	0.0	96.9	16.8	0.0	247	1	0	16.3
2019-07-30 04:13		21.0	99.9	0.0	95.9	16.9	0.0	268	1	0	16.2
2019-07-30 04:43		20.8	99.9	0.0	95.9	16.8	0.0	282	1	0	16.1
2019-07-30 05:13		20.7	91.0	0.0	97.0	16.4	0.0	283	0	0	15.9
2019-07-30 05:43		20.6	52.0	0.0	96.3	17.1	0.0	285	0	0	16.5
2019-07-30 06:13		20.6	10.4	8.0	95.0	17.4	0.0	289	1	0	16.6
2019-07-30 06:43		20.7	6.8	38.0	93.1	17.9	0.0	286	3	0	16.8
2019-07-30 07:13		20.7	5.1	71.0	91.4	18.4	0.0	286	3	0	17.0
2019-07-30 07:43		20.9	3.7	131.0	87.4	19.2	0.0	307	6	1	17.1
2019-07-30 08:13		21.1	7.8	319.0	80.2	21.2	0.0	310	9	1	17.6
2019-07-30 08:43		21.5	62.8	409.0	73.5	22.6	0.0	326	9	1	17.6
2019-07-30 09:13		22.2	99.9	486.0	69.0	23.4	0.0	317	8	1	17.4
2019-07-30 09:43		23.2	99.9	584.0	68.1	24.1	0.0	299	8	1	17.8
2019-07-30 10:13		24.3	99.9	497.0	70.0	23.8	0.0	283	11	1	18.0
2019-07-30 10:43		25.2		751.0	66.4	24.8	0.0	282	8	3	18.1
